3 class: 27, 6

P=
[1 6 12 8;1 3 0 -4;1 0 -3 2;1 -3 3 -1]
Q=
[1 6 12 8;1 3 0 -4;1 0 -3 2;1 -3 3 -1]
L=
Something went wrong with this one.
3 class: 35, 6

P=
[1 12 18 4;1 5 -3 -3;1 0 -3 2;1 -3 3 -1]
Q=
[1 6 14 14;1 2.5 0 -3.5;1 -1 -2.33333333333333 2.33333333333333;1 -4.5 7 -3.5]
L=
Something went wrong with this one.
3 class: 56, 7

P=
[1 15 30 10;1 7 -2 -6;1 1 -5 3;1 -3 3 -1]
Q=
[1 7 20 28;1 3.26666666666667 1.33333333333333 -5.6;1 -0.466666666666667 -3.33333333333333 2.8;1 -4.2 6 -2.8]
L=
Something went wrong with this one.
3 class: 64, 7

P=
[1 21 35 7;1 9 -5 -5;1 1 -5 3;1 -3 3 -1]
Q=
[1 7 21 35;1 3 1 -5;1 -1 -3 3;1 -5 9 -5]
L=
Something went wrong with this one.
3 class: 64, 9

P=
[1 9 27 27;1 5 3 -9;1 1 -5 3;1 -3 3 -1]
Q=
[1 9 27 27;1 5 3 -9;1 1 -5 3;1 -3 3 -1]
L=
Something went wrong with this one.
3 class: 64, 21

P=
[1 7 21 35;1 3 1 -5;1 -1 -3 3;1 -5 9 -5]
Q=
[1 21 35 7;1 9 -5 -5;1 1 -5 3;1 -3 3 -1]
L=
Something went wrong with this one.
3 class: 66, 10

P=
[1 30 20 15;1 8 -2 -7;1 -1 -2 2;1 -6 8 -3]
Q=
[1 10 44 11;1 2.66666666666667 -1.46666666666667 -2.2;1 -1 -4.4 4.4;1 -4.66666666666667 5.86666666666667 -2.2]
L=
Something went wrong with this one.
3 class: 84, 8

P=
[1 18 45 20;1 9 0 -10;1 2 -7 4;1 -3 3 -1]
Q=
[1 8 27 48;1 4 3 -8;1 0 -4.2 3.2;1 -4 5.4 -2.4]
L=
Something went wrong with this one.
3 class: 91, 12

P=
[1 20 30 40;1 7 4 -12;1 0 -3 2;1 -8 9 -2]
Q=
[1 12 65 13;1 4.2 0 -5.2;1 1.6 -6.5 3.9;1 -3.6 3.25 -0.65]
L=
Something went wrong with this one.
3 class: 96, 19

P=
[1 19 57 19;1 7 -3 -5;1 -1 -3 3;1 -5 9 -5]
Q=
[1 19 57 19;1 7 -3 -5;1 -1 -3 3;1 -5 9 -5]
L=
Something went wrong with this one.
3 class: 99, 14

P=
[1 28 42 28;1 10 -3 -8;1 -1 -3 3;1 -5 9 -5]
Q=
[1 14 63 21;1 5 -2.25 -3.75;1 -1 -4.5 4.5;1 -4 6.75 -3.75]
L=
Something went wrong with this one.
3 class: 120, 9

P=
[1 21 63 35;1 11 3 -15;1 3 -9 5;1 -3 3 -1]
Q=
[1 9 35 75;1 4.71428571428571 5 -10.7142857142857;1 0.428571428571429 -5 3.57142857142857;1 -3.85714285714286 5 -2.14285714285714]
L=
Something went wrong with this one.
3 class: 120, 14

P=
[1 42 56 21;1 12 -4 -9;1 0 -4 3;1 -6 8 -3]
Q=
[1 14 70 35;1 4 0 -5;1 -1 -5 5;1 -6 10 -5]
L=
Something went wrong with this one.
3 class: 120, 17

P=
[1 17 68 34;1 9 -4 -6;1 -1 -4 4;1 -3 8 -6]
Q=
[1 17 68 34;1 9 -4 -6;1 -1 -4 4;1 -3 8 -6]
L=
Something went wrong with this one.
3 class: 120, 17

P=
[1 17 68 34;1 9 -4 -6;1 -1 -4 4;1 -3 8 -6]
Q=
[1 17 68 34;1 9 -4 -6;1 -1 -4 4;1 -3 8 -6]
L=
Something went wrong with this one.
3 class: 120, 32

P=
[1 7 28 84;1 4 1 -6;1 -1 -4 4;1 -3 8 -6]
Q=
[1 32 63 24;1 18.2857142857143 -9 -10.2857142857143;1 1.14285714285714 -9 6.85714285714286;1 -2.28571428571429 3 -1.71428571428571]
L=
Something went wrong with this one.
3 class: 125, 12

P=
[1 12 48 64;1 7 8 -16;1 2 -7 4;1 -3 3 -1]
Q=
[1 12 48 64;1 7 8 -16;1 2 -7 4;1 -3 3 -1]
L=
Something went wrong with this one.
3 class: 135, 35

P=
[1 14 56 64;1 5 2 -8;1 -1 -4 4;1 -7 14 -8]
Q=
[1 35 84 15;1 12.5 -6 -7.5;1 1.25 -6 3.75;1 -4.375 5.25 -1.875]
L=
Something went wrong with this one.
3 class: 154, 33

P=
[1 21 84 48;1 7 0 -8;1 -1 -4 4;1 -7 14 -8]
Q=
[1 33 98 22;1 11 -4.66666666666667 -7.33333333333333;1 0 -4.66666666666667 3.66666666666667;1 -5.5 8.16666666666667 -3.66666666666667]
L=
Something went wrong with this one.
3 class: 165, 10

P=
[1 24 84 56;1 13 7 -21;1 4 -11 6;1 -3 3 -1]
Q=
[1 10 44 110;1 5.41666666666667 7.33333333333333 -13.75;1 0.833333333333333 -5.76190476190476 3.92857142857143;1 -3.75 4.71428571428571 -1.96428571428571]
L=
Something went wrong with this one.
3 class: 216, 15

P=
[1 15 75 125;1 9 15 -25;1 3 -9 5;1 -3 3 -1]
Q=
[1 15 75 125;1 9 15 -25;1 3 -9 5;1 -3 3 -1]
L=
Something went wrong with this one.
3 class: 216, 20

Something went wrong with this one.
3 class: 216, 35

P=
[1 35 140 40;1 11 -4 -8;1 -1 -4 4;1 -7 14 -8]
Q=
[1 35 140 40;1 11 -4 -8;1 -1 -4 4;1 -7 14 -8]
L=
Something went wrong with this one.
3 class: 220, 11

P=
[1 27 108 84;1 15 12 -28;1 5 -13 7;1 -3 3 -1]
Q=
[1 11 54 154;1 6.11111111111111 10 -17.1111111111111;1 1.22222222222222 -6.5 4.27777777777778;1 -3.66666666666667 4.5 -1.83333333333333]
L=
Something went wrong with this one.
3 class: 225, 24

Something went wrong with this one.
3 class: 245, 20

P=
[1 36 64 144;1 15 8 -24;1 1 -6 4;1 -6 8 -3]
Q=
[1 20 144 80;1 8.33333333333333 4 -13.3333333333333;1 2.5 -13.5 10;1 -3.33333333333333 4 -1.66666666666667]
L=
Something went wrong with this one.
3 class: 250, 40

P=
[1 40 165 44;1 10 0 -11;1 0 -5 4;1 -10 15 -6]
Q=
[1 40 165 44;1 10 0 -11;1 0 -5 4;1 -10 15 -6]
L=
Something went wrong with this one.
3 class: 256, 25

P=
[1 80 100 75;1 16 4 -21;1 0 -4 3;1 -16 20 -5]
Q=
[1 25 200 30;1 5 0 -6;1 1 -8 6;1 -7 8 -2]
L=
Something went wrong with this one.
3 class: 260, 25

P=
[1 70 105 84;1 18 1 -20;1 0 -5 4;1 -10 15 -6]
Q=
[1 25 182 52;1 6.42857142857143 0 -7.42857142857143;1 0.238095238095238 -8.66666666666667 7.42857142857143;1 -5.95238095238095 8.66666666666667 -3.71428571428571]
L=
Something went wrong with this one.
3 class: 279, 30

P=
[1 80 150 48;1 18 -5 -14;1 0 -5 4;1 -10 15 -6]
Q=
[1 30 186 62;1 6.75 0 -7.75;1 -1 -6.2 6.2;1 -8.75 15.5 -7.75]
L=
Something went wrong with this one.
3 class: 280, 27

P=
[1 54 90 135;1 14 10 -25;1 0 -4 3;1 -16 20 -5]
Q=
[1 27 225 27;1 7 0 -8;1 3 -10 6;1 -5 5 -1]
L=
Something went wrong with this one.
3 class: 280, 27

P=
[1 54 90 135;1 14 10 -25;1 0 -4 3;1 -16 20 -5]
Q=
[1 27 225 27;1 7 0 -8;1 3 -10 6;1 -5 5 -1]
L=
Something went wrong with this one.
3 class: 286, 12

P=
[1 30 135 120;1 17 18 -36;1 6 -15 8;1 -3 3 -1]
Q=
[1 12 65 208;1 6.8 13 -20.8;1 1.6 -7.22222222222222 4.62222222222222;1 -3.6 4.33333333333333 -1.73333333333333]
L=
Something went wrong with this one.
3 class: 286, 25

P=
[1 100 125 60;1 22 -5 -18;1 0 -5 4;1 -10 15 -6]
Q=
[1 25 195 65;1 5.5 0 -6.5;1 -1 -7.8 7.8;1 -7.5 13 -6.5]
L=
Something went wrong with this one.
3 class: 288, 35

P=
[1 70 175 42;1 16 -5 -12;1 0 -5 4;1 -10 15 -6]
Q=
[1 35 189 63;1 8 0 -9;1 -1 -5.4 5.4;1 -10 18 -9]
L=
Something went wrong with this one.
3 class: 300, 39

P=
[1 78 117 104;1 18 -3 -16;1 -2 -3 4;1 -12 27 -16]
Q=
[1 39 234 26;1 9 -6 -4;1 -1 -6 6;1 -6 9 -4]
L=
Something went wrong with this one.
3 class: 319, 28

P=
[1 80 168 70;1 22 -6 -17;1 0 -6 5;1 -8 14 -7]
Q=
[1 28 203 87;1 7.7 0 -8.7;1 -1 -7.25 7.25;1 -6.8 14.5 -8.7]
L=
Something went wrong with this one.
3 class: 322, 45

P=
[1 60 225 36;1 14 -5 -10;1 0 -5 4;1 -10 15 -6]
Q=
[1 45 207 69;1 10.5 0 -11.5;1 -1 -4.6 4.6;1 -12.5 23 -11.5]
L=
Something went wrong with this one.
3 class: 324, 17

P=
[1 102 170 51;1 30 -10 -21;1 3 -10 6;1 -6 8 -3]
Q=
[1 17 136 170;1 5 4 -10;1 -1 -8 8;1 -7 16 -10]
L=
Something went wrong with this one.
3 class: 324, 19

P=
[1 76 171 76;1 28 -9 -20;1 1 -9 7;1 -5 9 -5]
Q=
[1 19 152 152;1 7 2 -10;1 -1 -8 8;1 -5 14 -10]
L=
Something went wrong with this one.
3 class: 324, 19

P=
[1 76 171 76;1 28 -9 -20;1 1 -9 7;1 -5 9 -5]
Q=
[1 19 152 152;1 7 2 -10;1 -1 -8 8;1 -5 14 -10]
L=
Something went wrong with this one.
3 class: 343, 18

P=
[1 18 108 216;1 11 24 -36;1 4 -11 6;1 -3 3 -1]
Q=
[1 18 108 216;1 11 24 -36;1 4 -11 6;1 -3 3 -1]
L=
Something went wrong with this one.
3 class: 343, 36

P=
[1 90 108 144;1 20 3 -24;1 -1 -4 4;1 -15 24 -10]
Q=
[1 36 270 36;1 8 -3 -6;1 1 -10 8;1 -6 7.5 -2.5]
L=
Something went wrong with this one.
3 class: 343, 42

P=
[1 42 210 90;1 14 0 -15;1 0 -7 6;1 -7 14 -8]
Q=
[1 42 210 90;1 14 0 -15;1 0 -7 6;1 -7 14 -8]
L=
Something went wrong with this one.
3 class: 344, 42

P=
[1 105 168 70;1 19 -4 -16;1 -1 -4 4;1 -15 24 -10]
Q=
[1 42 258 43;1 7.6 -2.45714285714286 -6.14285714285714;1 -1 -6.14285714285714 6.14285714285714;1 -9.6 14.7428571428571 -6.14285714285714]
L=
Something went wrong with this one.
3 class: 351, 26

P=
[1 42 224 84;1 15 8 -24;1 3 -10 6;1 -6 8 -3]
Q=
[1 26 168 156;1 9.28571428571429 12 -22.2857142857143;1 0.928571428571429 -7.5 5.57142857142857;1 -7.42857142857143 12 -5.57142857142857]
L=
Something went wrong with this one.
3 class: 364, 13

P=
[1 33 165 165;1 19 25 -45;1 7 -17 9;1 -3 3 -1]
Q=
[1 13 77 273;1 7.48484848484848 16.3333333333333 -24.8181818181818;1 1.96969696969697 -7.93333333333333 4.96363636363636;1 -3.54545454545455 4.2 -1.65454545454545]
L=
Something went wrong with this one.
3 class: 375, 34

P=
[1 68 102 204;1 23 -3 -21;1 -2 -3 4;1 -7 27 -21]
Q=
[1 34 306 34;1 11.5 -9 -3.5;1 -1 -9 9;1 -3.5 6 -3.5]
L=
Something went wrong with this one.
3 class: 377, 28

P=
[1 84 196 96;1 26 -7 -20;1 0 -7 6;1 -7 14 -8]
Q=
[1 28 232 116;1 8.66666666666667 0 -9.66666666666667;1 -1 -8.28571428571429 8.28571428571429;1 -5.83333333333333 14.5 -9.66666666666667]
L=
Something went wrong with this one.
3 class: 378, 26

P=
[1 78 260 39;1 24 -10 -15;1 3 -10 6;1 -6 8 -3]
Q=
[1 26 156 195;1 8 6 -15;1 -1 -6 6;1 -10 24 -15]
L=
Something went wrong with this one.
3 class: 378, 26

P=
[1 78 260 39;1 24 -10 -15;1 3 -10 6;1 -6 8 -3]
Q=
[1 26 156 195;1 8 6 -15;1 -1 -6 6;1 -10 24 -15]
L=
Something went wrong with this one.
3 class: 392, 34

P=
[1 153 136 102;1 27 -4 -24;1 -1 -4 4;1 -15 24 -10]
Q=
[1 34 306 51;1 6 -2 -5;1 -1 -9 9;1 -8 12 -5]
L=
Something went wrong with this one.
3 class: 392, 69

P=
[1 69 276 46;1 13 -4 -10;1 -1 -4 4;1 -15 24 -10]
Q=
[1 69 276 46;1 13 -4 -10;1 -1 -4 4;1 -15 24 -10]
L=
Something went wrong with this one.
3 class: 400, 19

P=
[1 114 228 57;1 34 -12 -23;1 4 -12 7;1 -6 8 -3]
Q=
[1 19 152 228;1 5.66666666666667 5.33333333333333 -12;1 -1 -8 8;1 -7.66666666666667 18.6666666666667 -12]
L=
Something went wrong with this one.
3 class: 430, 42

P=
[1 63 294 72;1 20 -7 -14;1 0 -7 6;1 -7 14 -8]
Q=
[1 42 258 129;1 13.3333333333333 0 -14.3333333333333;1 -1 -6.14285714285714 6.14285714285714;1 -8.16666666666667 21.5 -14.3333333333333]
L=
Something went wrong with this one.
3 class: 441, 20

P=
[1 100 240 100;1 37 -12 -26;1 2 -12 9;1 -5 9 -5]
Q=
[1 20 180 240;1 7.4 3.6 -12;1 -1 -9 9;1 -5.2 16.2 -12]
L=
Something went wrong with this one.
3 class: 455, 14

P=
[1 36 198 220;1 21 33 -55;1 8 -19 10;1 -3 3 -1]
Q=
[1 14 90 350;1 8.16666666666667 20 -29.1666666666667;1 2.33333333333333 -8.63636363636364 5.3030303030303;1 -3.5 4.09090909090909 -1.59090909090909]
L=
Something went wrong with this one.
3 class: 460, 51

P=
[1 102 255 102;1 22 -5 -18;1 -1 -5 5;1 -13 25 -13]
Q=
[1 51 340 68;1 11 -3.33333333333333 -8.66666666666667;1 -1 -6.66666666666667 6.66666666666667;1 -9 16.6666666666667 -8.66666666666667]
L=
Something went wrong with this one.
3 class: 460, 54

P=
[1 81 216 162;1 21 -4 -18;1 -2 -4 5;1 -11 32 -22]
Q=
[1 54 360 45;1 14 -8.88888888888889 -6.11111111111111;1 -1 -6.66666666666667 6.66666666666667;1 -6 11.1111111111111 -6.11111111111111]
L=
Something went wrong with this one.
3 class: 462, 54

P=
[1 36 225 200;1 14 5 -20;1 0 -9 8;1 -6 15 -10]
Q=
[1 54 275 132;1 21 0 -22;1 1.2 -11 8.8;1 -5.4 11 -6.6]
L=
Something went wrong with this one.
3 class: 484, 21

P=
[1 126 294 63;1 38 -14 -25;1 5 -14 8;1 -6 8 -3]
Q=
[1 21 168 294;1 6.33333333333333 6.66666666666667 -14;1 -1 -8 8;1 -8.33333333333333 21.3333333333333 -14]
L=
Something went wrong with this one.
3 class: 486, 30

P=
[1 30 260 195;1 12 26 -39;1 3 -10 6;1 -6 8 -3]
Q=
[1 30 260 195;1 12 26 -39;1 3 -10 6;1 -6 8 -3]
L=
Something went wrong with this one.
3 class: 486, 30

P=
[1 30 260 195;1 12 26 -39;1 3 -10 6;1 -6 8 -3]
Q=
[1 30 260 195;1 12 26 -39;1 3 -10 6;1 -6 8 -3]
L=
Something went wrong with this one.
3 class: 495, 38

P=
[1 152 190 152;1 32 -5 -28;1 -1 -5 5;1 -13 25 -13]
Q=
[1 38 380 76;1 8 -2.5 -6.5;1 -1 -10 10;1 -7 12.5 -6.5]
L=
Something went wrong with this one.
3 class: 506, 22

P=
[1 210 280 15;1 49 -42 -8;1 1 -6 4;1 -6 8 -3]
Q=
[1 22 230 253;1 5.13333333333333 1.0952380952381 -7.22857142857143;1 -3.3 -4.92857142857143 7.22857142857143;1 -11.7333333333333 61.3333333333333 -50.6]
L=
Something went wrong with this one.
3 class: 512, 21

P=
[1 21 147 343;1 13 35 -49;1 5 -13 7;1 -3 3 -1]
Q=
[1 21 147 343;1 13 35 -49;1 5 -13 7;1 -3 3 -1]
L=
Something went wrong with this one.
3 class: 512, 21

P=
[1 21 147 343;1 13 35 -49;1 5 -13 7;1 -3 3 -1]
Q=
[1 21 147 343;1 13 35 -49;1 5 -13 7;1 -3 3 -1]
L=
Something went wrong with this one.
3 class: 512, 49

P=
[1 49 294 168;1 17 6 -24;1 1 -10 8;1 -7 14 -8]
Q=
[1 49 294 168;1 17 6 -24;1 1 -10 8;1 -7 14 -8]
L=
Something went wrong with this one.
3 class: 527, 30

P=
[1 96 270 160;1 34 -9 -26;1 0 -9 8;1 -6 15 -10]
Q=
[1 30 310 186;1 10.625 0 -11.625;1 -1 -10.3333333333333 10.3333333333333;1 -4.875 15.5 -11.625]
L=
Something went wrong with this one.
3 class: 527, 30

P=
[1 96 270 160;1 34 -9 -26;1 0 -9 8;1 -6 15 -10]
Q=
[1 30 310 186;1 10.625 0 -11.625;1 -1 -10.3333333333333 10.3333333333333;1 -4.875 15.5 -11.625]
L=
Something went wrong with this one.
3 class: 532, 27

P=
[1 108 243 180;1 38 -9 -30;1 0 -9 8;1 -6 15 -10]
Q=
[1 27 315 189;1 9.5 0 -10.5;1 -1 -11.6666666666667 11.6666666666667;1 -4.5 14 -10.5]
L=
Something went wrong with this one.
3 class: 532, 27

P=
[1 108 243 180;1 38 -9 -30;1 0 -9 8;1 -6 15 -10]
Q=
[1 27 315 189;1 9.5 0 -10.5;1 -1 -11.6666666666667 11.6666666666667;1 -4.5 14 -10.5]
L=
Something went wrong with this one.
3 class: 540, 33

P=
[1 55 99 385;1 25 9 -35;1 1 -9 7;1 -5 9 -5]
Q=
[1 33 275 231;1 15 5 -21;1 3 -25 21;1 -3 5 -3]
L=
Something went wrong with this one.
3 class: 540, 35

P=
[1 84 315 140;1 30 -9 -22;1 0 -9 8;1 -6 15 -10]
Q=
[1 35 315 189;1 12.5 0 -13.5;1 -1 -9 9;1 -5.5 18 -13.5]
L=
Something went wrong with this one.
3 class: 540, 35

P=
[1 84 315 140;1 30 -9 -22;1 0 -9 8;1 -6 15 -10]
Q=
[1 35 315 189;1 12.5 0 -13.5;1 -1 -9 9;1 -5.5 18 -13.5]
L=
Something went wrong with this one.
3 class: 540, 44

P=
[1 88 176 275;1 28 -4 -25;1 -2 -4 5;1 -8 32 -25]
Q=
[1 44 440 55;1 14 -10 -5;1 -1 -10 10;1 -4 8 -5]
L=
Something went wrong with this one.
3 class: 540, 49

P=
[1 147 294 98;1 27 -6 -22;1 0 -6 5;1 -15 24 -10]
Q=
[1 49 392 98;1 9 0 -10;1 -1 -8 8;1 -11 20 -10]
L=
Something went wrong with this one.
3 class: 540, 77

P=
[1 77 385 77;1 17 -5 -13;1 -1 -5 5;1 -13 25 -13]
Q=
[1 77 385 77;1 17 -5 -13;1 -1 -5 5;1 -13 25 -13]
L=
Something went wrong with this one.
3 class: 550, 54

P=
[1 135 324 90;1 25 -6 -20;1 0 -6 5;1 -15 24 -10]
Q=
[1 54 396 99;1 10 0 -11;1 -1 -7.33333333333333 7.33333333333333;1 -12 22 -11]
L=
Something went wrong with this one.
3 class: 560, 15

P=
[1 39 234 286;1 23 42 -66;1 9 -21 11;1 -3 3 -1]
Q=
[1 15 104 440;1 8.84615384615385 24 -33.8461538461538;1 2.69230769230769 -9.33333333333333 5.64102564102564;1 -3.46153846153846 4 -1.53846153846154]
L=
Something went wrong with this one.
3 class: 560, 39

P=
[1 130 351 78;1 30 -9 -22;1 2 -9 6;1 -10 15 -6]
Q=
[1 39 325 195;1 9 5 -15;1 -1 -8.33333333333333 8.33333333333333;1 -11 25 -15]
L=
Something went wrong with this one.
3 class: 560, 39

P=
[1 130 351 78;1 30 -9 -22;1 2 -9 6;1 -10 15 -6]
Q=
[1 39 325 195;1 9 5 -15;1 -1 -8.33333333333333 8.33333333333333;1 -11 25 -15]
L=
Something went wrong with this one.
3 class: 561, 32

P=
[1 112 320 128;1 35 -10 -26;1 1 -10 8;1 -7 14 -8]
Q=
[1 32 308 220;1 10 2.75 -13.75;1 -1 -9.625 9.625;1 -6.5 19.25 -13.75]
L=
Something went wrong with this one.
3 class: 576, 23

P=
[1 115 345 115;1 43 -15 -29;1 3 -15 11;1 -5 9 -5]
Q=
[1 23 207 345;1 8.6 5.4 -15;1 -1 -9 9;1 -5.8 19.8 -15]
L=
Something went wrong with this one.
3 class: 576, 23

P=
[1 115 345 115;1 43 -15 -29;1 3 -15 11;1 -5 9 -5]
Q=
[1 23 207 345;1 8.6 5.4 -15;1 -1 -9 9;1 -5.8 19.8 -15]
L=
Something went wrong with this one.
3 class: 576, 50

P=
[1 50 375 150;1 14 15 -30;1 2 -9 6;1 -10 15 -6]
Q=
[1 50 375 150;1 14 15 -30;1 2 -9 6;1 -10 15 -6]
L=
Something went wrong with this one.
3 class: 585, 52

P=
[1 80 420 84;1 20 0 -21;1 2 -9 6;1 -10 15 -6]
Q=
[1 52 350 182;1 13 8.75 -22.75;1 0 -7.5 6.5;1 -13 25 -13]
L=
Something went wrong with this one.
3 class: 598, 45

P=
[1 72 405 120;1 26 -9 -18;1 0 -9 8;1 -6 15 -10]
Q=
[1 45 345 207;1 16.25 0 -17.25;1 -1 -7.66666666666667 7.66666666666667;1 -6.75 23 -17.25]
L=
Something went wrong with this one.
3 class: 598, 45

P=
[1 72 405 120;1 26 -9 -18;1 0 -9 8;1 -6 15 -10]
Q=
[1 45 345 207;1 16.25 0 -17.25;1 -1 -7.66666666666667 7.66666666666667;1 -6.75 23 -17.25]
L=
Something went wrong with this one.
3 class: 612, 26

P=
[1 130 416 65;1 40 -16 -25;1 6 -16 9;1 -6 8 -3]
Q=
[1 26 195 390;1 8 9 -18;1 -1 -7.5 7.5;1 -10 27 -18]
L=
Something went wrong with this one.
3 class: 625, 52

P=
[1 52 364 208;1 17 14 -32;1 2 -11 8;1 -8 14 -7]
Q=
[1 52 364 208;1 17 14 -32;1 2 -11 8;1 -8 14 -7]
L=
Something went wrong with this one.
3 class: 625, 72

P=
[1 48 72 504;1 18 2 -21;1 -2 -3 4;1 -7 27 -21]
Q=
[1 72 504 48;1 27 -21 -7;1 2 -21 18;1 -3 4 -2]
L=
Something went wrong with this one.
3 class: 630, 34

P=
[1 255 204 170;1 45 -6 -40;1 0 -6 5;1 -15 24 -10]
Q=
[1 34 476 119;1 6 0 -7;1 -1 -14 14;1 -8 14 -7]
L=
Something went wrong with this one.
3 class: 630, 74

P=
[1 74 444 111;1 20 -6 -15;1 -1 -6 6;1 -10 24 -15]
Q=
[1 74 444 111;1 20 -6 -15;1 -1 -6 6;1 -10 24 -15]
L=
Something went wrong with this one.
3 class: 630, 74

P=
[1 74 444 111;1 20 -6 -15;1 -1 -6 6;1 -10 24 -15]
Q=
[1 74 444 111;1 20 -6 -15;1 -1 -6 6;1 -10 24 -15]
L=
Something went wrong with this one.
3 class: 665, 56

P=
[1 120 384 160;1 25 4 -30;1 1 -8 6;1 -15 24 -10]
Q=
[1 56 475 133;1 11.6666666666667 3.95833333333333 -16.625;1 0.583333333333333 -9.89583333333333 8.3125;1 -10.5 17.8125 -8.3125]
L=
Something went wrong with this one.
3 class: 672, 55

P=
[1 55 440 176;1 23 -8 -16;1 -1 -8 8;1 -5 20 -16]
Q=
[1 55 440 176;1 23 -8 -16;1 -1 -8 8;1 -5 20 -16]
L=
Something went wrong with this one.
3 class: 672, 55

P=
[1 55 440 176;1 23 -8 -16;1 -1 -8 8;1 -5 20 -16]
Q=
[1 55 440 176;1 23 -8 -16;1 -1 -8 8;1 -5 20 -16]
L=
Something went wrong with this one.
3 class: 672, 55

P=
[1 55 440 176;1 23 -8 -16;1 -1 -8 8;1 -5 20 -16]
Q=
[1 55 440 176;1 23 -8 -16;1 -1 -8 8;1 -5 20 -16]
L=
Something went wrong with this one.
3 class: 676, 25

P=
[1 150 450 75;1 46 -18 -29;1 7 -18 10;1 -6 8 -3]
Q=
[1 25 200 450;1 7.66666666666667 9.33333333333333 -18;1 -1 -8 8;1 -9.66666666666667 26.6666666666667 -18]
L=
Something went wrong with this one.
3 class: 676, 90

P=
[1 180 360 135;1 24 -4 -21;1 -2 -4 5;1 -28 48 -21]
Q=
[1 90 540 45;1 12 -6 -7;1 -1 -6 6;1 -14 20 -7]
L=
Something went wrong with this one.
3 class: 680, 16

P=
[1 42 273 364;1 25 52 -78;1 10 -23 12;1 -3 3 -1]
Q=
[1 16 119 544;1 9.52380952380952 28.3333333333333 -38.8571428571429;1 3.04761904761905 -10.025641025641 5.97802197802198;1 -3.42857142857143 3.92307692307692 -1.49450549450549]
L=
Something went wrong with this one.
3 class: 680, 34

P=
[1 168 336 175;1 48 -24 -25;1 -2 -4 5;1 -8 32 -25]
Q=
[1 34 560 85;1 9.71428571428571 -6.66666666666667 -4.04761904761905;1 -2.42857142857143 -6.66666666666667 8.09523809523809;1 -4.85714285714286 16 -12.1428571428571]
L=
Something went wrong with this one.
3 class: 693, 65

P=
[1 120 312 260;1 21 15 -37;1 0 -6 5;1 -27 39 -13]
Q=
[1 65 572 55;1 11.375 0 -12.375;1 3.125 -11 6.875;1 -9.25 11 -2.75]
L=
Something went wrong with this one.
3 class: 726, 65

P=
[1 130 325 270;1 31 -5 -27;1 -2 -5 6;1 -13 39 -27]
Q=
[1 65 585 75;1 15.5 -9 -7.5;1 -1 -9 9;1 -6.5 13 -7.5]
L=
Something went wrong with this one.
3 class: 726, 87

P=
[1 87 522 116;1 21 -6 -16;1 -1 -6 6;1 -12 27 -16]
Q=
[1 87 522 116;1 21 -6 -16;1 -1 -6 6;1 -12 27 -16]
L=
Something went wrong with this one.
3 class: 729, 24

P=
[1 24 192 512;1 15 48 -64;1 6 -15 8;1 -3 3 -1]
Q=
[1 24 192 512;1 15 48 -64;1 6 -15 8;1 -3 3 -1]
L=
Something went wrong with this one.
3 class: 729, 24

P=
[1 24 192 512;1 15 48 -64;1 6 -15 8;1 -3 3 -1]
Q=
[1 24 192 512;1 15 48 -64;1 6 -15 8;1 -3 3 -1]
L=
Something went wrong with this one.
3 class: 729, 26

P=
[1 130 468 130;1 49 -18 -32;1 4 -18 13;1 -5 9 -5]
Q=
[1 26 234 468;1 9.8 7.2 -18;1 -1 -9 9;1 -6.4 23.4 -18]
L=
Something went wrong with this one.
3 class: 729, 35

P=
[1 210 168 350;1 48 6 -55;1 0 -6 5;1 -15 24 -10]
Q=
[1 35 567 126;1 8 0 -9;1 1.25 -20.25 18;1 -5.5 8.1 -3.6]
L=
Something went wrong with this one.
3 class: 729, 42

P=
[1 98 42 588;1 35 6 -42;1 -1 -3 3;1 -10 15 -6]
Q=
[1 42 588 98;1 15 -6 -10;1 6 -42 35;1 -3 3 -1]
L=
Something went wrong with this one.
3 class: 729, 56

P=
[1 56 392 280;1 20 14 -35;1 2 -13 10;1 -7 14 -8]
Q=
[1 56 392 280;1 20 14 -35;1 2 -13 10;1 -7 14 -8]
L=
Something went wrong with this one.
3 class: 729, 104

P=
[1 52 104 572;1 16 5 -22;1 -2 -4 5;1 -11 32 -22]
Q=
[1 104 572 52;1 32 -22 -11;1 5 -22 16;1 -4 5 -2]
L=
Something went wrong with this one.
3 class: 750, 49

P=
[1 112 539 98;1 32 -11 -22;1 2 -11 8;1 -8 14 -7]
Q=
[1 49 392 308;1 14 7 -22;1 -1 -8 8;1 -11 32 -22]
L=
Something went wrong with this one.
3 class: 750, 112

P=
[1 49 392 308;1 14 7 -22;1 -1 -8 8;1 -11 32 -22]
Q=
[1 112 539 98;1 32 -11 -22;1 2 -11 8;1 -8 14 -7]
L=
Something went wrong with this one.
3 class: 756, 75

P=
[1 105 350 300;1 21 14 -36;1 0 -7 6;1 -21 35 -15]
Q=
[1 75 600 80;1 15 0 -16;1 3 -12 8;1 -9 12 -4]
L=
Something went wrong with this one.
3 class: 759, 23

P=
[1 280 448 30;1 70 -56 -15;1 4 -12 7;1 -6 8 -3]
Q=
[1 23 252 483;1 5.75 3.6 -10.35;1 -2.875 -6.75 8.625;1 -11.5 58.8 -48.3]
L=
Something went wrong with this one.
3 class: 760, 75

P=
[1 99 165 495;1 23 13 -37;1 -1 -5 5;1 -21 35 -15]
Q=
[1 75 627 57;1 17.4242424242424 -6.33333333333333 -12.0909090909091;1 5.90909090909091 -19 12.0909090909091;1 -5.60606060606061 6.33333333333333 -1.72727272727273]
L=
Something went wrong with this one.
3 class: 765, 84

P=
[1 28 224 512;1 11 20 -32;1 1 -10 8;1 -7 14 -8]
Q=
[1 84 476 204;1 33 17 -51;1 7.5 -21.25 12.75;1 -5.25 7.4375 -3.1875]
L=
Something went wrong with this one.
3 class: 768, 39

P=
[1 273 312 182;1 49 -8 -42;1 1 -8 6;1 -15 24 -10]
Q=
[1 39 546 182;1 7 2 -10;1 -1 -14 14;1 -9 18 -10]
L=
Something went wrong with this one.
3 class: 768, 52

P=
[1 65 182 520;1 25 14 -40;1 1 -10 8;1 -7 14 -8]
Q=
[1 52 455 260;1 20 7 -28;1 4 -25 20;1 -4 7 -4]
L=
Something went wrong with this one.
3 class: 768, 59

P=
[1 177 472 118;1 33 -8 -26;1 1 -8 6;1 -15 24 -10]
Q=
[1 59 531 177;1 11 3 -15;1 -1 -9 9;1 -13 27 -15]
L=
Something went wrong with this one.
3 class: 768, 65

P=
[1 65 312 390;1 17 24 -42;1 1 -8 6;1 -15 24 -10]
Q=
[1 65 585 117;1 17 9 -27;1 5 -15 9;1 -7 9 -3]
L=
Something went wrong with this one.
3 class: 784, 27

P=
[1 162 540 81;1 50 -20 -31;1 8 -20 11;1 -6 8 -3]
Q=
[1 27 216 540;1 8.33333333333333 10.6666666666667 -20;1 -1 -8 8;1 -10.3333333333333 29.3333333333333 -20]
L=
Something went wrong with this one.
3 class: 792, 35

P=
[1 210 455 126;1 48 -13 -36;1 4 -13 8;1 -10 15 -6]
Q=
[1 35 405 351;1 8 7.71428571428571 -16.7142857142857;1 -1 -11.5714285714286 11.5714285714286;1 -10 25.7142857142857 -16.7142857142857]
L=
Something went wrong with this one.
3 class: 800, 34

P=
[1 85 459 255;1 35 9 -45;1 5 -21 15;1 -5 9 -5]
Q=
[1 34 255 510;1 14 15 -30;1 0.666666666666667 -11.6666666666667 10;1 -6 15 -10]
L=
Something went wrong with this one.
3 class: 800, 119

P=
[1 119 595 85;1 19 -5 -15;1 -1 -5 5;1 -21 35 -15]
Q=
[1 119 595 85;1 19 -5 -15;1 -1 -5 5;1 -21 35 -15]
L=
Something went wrong with this one.
3 class: 816, 17

P=
[1 45 315 455;1 27 63 -91;1 11 -25 13;1 -3 3 -1]
Q=
[1 17 135 663;1 10.2 33 -44.2;1 3.4 -10.7142857142857 6.31428571428571;1 -3.4 3.85714285714286 -1.45714285714286]
L=
Something went wrong with this one.
3 class: 819, 26

P=
[1 288 512 18;1 72 -64 -9;1 2 -8 5;1 -6 8 -3]
Q=
[1 26 324 468;1 6.5 2.25 -9.75;1 -3.25 -5.0625 7.3125;1 -13 90 -78]
L=
Something went wrong with this one.
3 class: 825, 48

P=
[1 264 176 384;1 44 11 -56;1 -1 -4 4;1 -33 44 -12]
Q=
[1 48 726 50;1 8 -2.75 -6.25;1 3 -16.5 12.5;1 -7 7.5625 -1.5625]
L=
Something went wrong with this one.
3 class: 870, 29

P=
[1 154 616 99;1 49 -14 -36;1 9 -22 12;1 -6 8 -3]
Q=
[1 29 231 609;1 9.22727272727273 13.5 -23.7272727272727;1 -0.659090909090909 -8.25 7.90909090909091;1 -10.5454545454545 28 -18.4545454545455]
L=
Something went wrong with this one.
3 class: 891, 22

P=
[1 336 512 42;1 84 -64 -21;1 6 -16 9;1 -6 8 -3]
Q=
[1 22 252 616;1 5.5 4.5 -11;1 -2.75 -7.875 9.625;1 -11 54 -44]
L=
Something went wrong with this one.
3 class: 891, 252

P=
[1 42 336 512;1 9 6 -16;1 -3 -6 8;1 -21 84 -64]
Q=
[1 252 616 22;1 54 -44 -11;1 4.5 -11 5.5;1 -7.875 9.625 -2.75]
L=
Something went wrong with this one.
3 class: 900, 29

P=
[1 145 609 145;1 55 -21 -35;1 5 -21 15;1 -5 9 -5]
Q=
[1 29 261 609;1 11 9 -21;1 -1 -9 9;1 -7 27 -21]
L=
Something went wrong with this one.
3 class: 900, 29

P=
[1 145 609 145;1 55 -21 -35;1 5 -21 15;1 -5 9 -5]
Q=
[1 29 261 609;1 11 9 -21;1 -1 -9 9;1 -7 27 -21]
L=
Something went wrong with this one.
3 class: 923, 70

P=
[1 252 490 180;1 39 -7 -33;1 0 -7 6;1 -21 35 -15]
Q=
[1 70 710 142;1 10.8333333333333 0 -11.8333333333333;1 -1 -10.1428571428571 10.1428571428571;1 -12.8333333333333 23.6666666666667 -11.8333333333333]
L=
Something went wrong with this one.
3 class: 936, 51

P=
[1 119 459 357;1 41 -9 -33;1 -1 -9 9;1 -7 27 -21]
Q=
[1 51 663 221;1 17.5714285714286 -5.57142857142857 -13;1 -1 -13 13;1 -4.71428571428571 16.7142857142857 -13]
L=
Something went wrong with this one.
3 class: 936, 51

P=
[1 119 459 357;1 41 -9 -33;1 -1 -9 9;1 -7 27 -21]
Q=
[1 51 663 221;1 17.5714285714286 -5.57142857142857 -13;1 -1 -13 13;1 -4.71428571428571 16.7142857142857 -13]
L=
Something went wrong with this one.
3 class: 936, 51

P=
[1 119 459 357;1 41 -9 -33;1 -1 -9 9;1 -7 27 -21]
Q=
[1 51 663 221;1 17.5714285714286 -5.57142857142857 -13;1 -1 -13 13;1 -4.71428571428571 16.7142857142857 -13]
L=
Something went wrong with this one.
3 class: 945, 56

Something went wrong with this one.
3 class: 945, 80

P=
[1 224 384 336;1 35 6 -42;1 -1 -6 6;1 -28 48 -21]
Q=
[1 80 784 80;1 12.5 -3.5 -10;1 1.25 -12.25 10;1 -10 14 -5]
L=
Something went wrong with this one.
3 class: 945, 80

P=
[1 224 384 336;1 35 6 -42;1 -1 -6 6;1 -28 48 -21]
Q=
[1 80 784 80;1 12.5 -3.5 -10;1 1.25 -12.25 10;1 -10 14 -5]
L=
Something went wrong with this one.
3 class: 952, 51

P=
[1 105 630 216;1 35 0 -36;1 3 -16 12;1 -7 14 -8]
Q=
[1 51 441 459;1 17 12.6 -30.6;1 0 -11.2 10.2;1 -8.5 24.5 -17]
L=
Something went wrong with this one.
3 class: 960, 35

P=
[1 140 315 504;1 44 27 -72;1 4 -13 8;1 -10 15 -6]
Q=
[1 35 540 384;1 11 15.4285714285714 -27.4285714285714;1 3 -22.2857142857143 18.2857142857143;1 -5 8.57142857142857 -4.57142857142857]
L=
Something went wrong with this one.
3 class: 960, 63

Something went wrong with this one.
3 class: 960, 84

P=
[1 84 315 560;1 24 15 -40;1 0 -9 8;1 -12 27 -16]
Q=
[1 84 700 175;1 24 0 -25;1 4 -20 15;1 -6 10 -5]
L=
Something went wrong with this one.
3 class: 960, 119

P=
[1 119 714 126;1 23 -6 -18;1 -1 -6 6;1 -17 34 -18]
Q=
[1 119 714 126;1 23 -6 -18;1 -1 -6 6;1 -17 34 -18]
L=
Something went wrong with this one.
3 class: 969, 18

P=
[1 48 360 560;1 29 75 -105;1 12 -27 14;1 -3 3 -1]
Q=
[1 18 152 798;1 10.875 38 -49.875;1 3.75 -11.4 6.65;1 -3.375 3.8 -1.425]
L=
Something went wrong with this one.
3 class: 969, 56

P=
[1 336 392 240;1 51 -7 -45;1 0 -7 6;1 -21 35 -15]
Q=
[1 56 760 152;1 8.5 0 -9.5;1 -1 -13.5714285714286 13.5714285714286;1 -10.5 19 -9.5]
L=
Something went wrong with this one.
3 class: 1000, 27

P=
[1 27 243 729;1 17 63 -81;1 7 -17 9;1 -3 3 -1]
Q=
[1 27 243 729;1 17 63 -81;1 7 -17 9;1 -3 3 -1]
L=
Something went wrong with this one.
3 class: 1000, 27

P=
[1 27 243 729;1 17 63 -81;1 7 -17 9;1 -3 3 -1]
Q=
[1 27 243 729;1 17 63 -81;1 7 -17 9;1 -3 3 -1]
L=
Something went wrong with this one.
3 class: 1000, 37

P=
[1 74 148 777;1 34 28 -63;1 4 -12 7;1 -6 8 -3]
Q=
[1 37 444 518;1 17 24 -42;1 7 -36 28;1 -3 4 -2]
L=
Something went wrong with this one.
3 class: 1000, 54

P=
[1 189 432 378;1 49 -8 -42;1 -1 -8 8;1 -11 32 -22]
Q=
[1 54 756 189;1 14 -4 -11;1 -1 -14 14;1 -6 16 -11]
L=
Something went wrong with this one.
3 class: 1000, 63

P=
[1 63 504 432;1 23 24 -48;1 3 -16 12;1 -7 14 -8]
Q=
[1 63 504 432;1 23 24 -48;1 3 -16 12;1 -7 14 -8]
L=
Something went wrong with this one.
3 class: 1000, 74

P=
[1 148 444 407;1 38 -6 -33;1 -2 -6 7;1 -12 44 -33]
Q=
[1 74 814 111;1 19 -11 -9;1 -1 -11 11;1 -6 14 -9]
L=
Something went wrong with this one.
3 class: 1000, 99

P=
[1 108 594 297;1 28 -6 -23;1 -2 -6 7;1 -12 44 -33]
Q=
[1 99 792 108;1 25.6666666666667 -14.6666666666667 -12;1 -1 -8 8;1 -7.66666666666667 18.6666666666667 -12]
L=
Something went wrong with this one.
3 class: 1000, 111

P=
[1 148 444 407;1 28 4 -33;1 -2 -6 7;1 -22 54 -33]
Q=
[1 111 814 74;1 21 -11 -11;1 1 -11 9;1 -9 14 -6]
L=
Something went wrong with this one.
3 class: 1015, 28

P=
[1 104 208 702;1 46 34 -81;1 6 -16 9;1 -6 8 -3]
Q=
[1 28 377 609;1 12.3846153846154 21.75 -35.1346153846154;1 4.57692307692308 -29 23.4230769230769;1 -3.23076923076923 4.83333333333333 -2.6025641025641]
L=
Something went wrong with this one.
3 class: 1023, 98

P=
[1 140 686 196;1 30 -7 -24;1 -1 -7 7;1 -15 35 -21]
Q=
[1 98 770 154;1 21 -5.5 -16.5;1 -1 -7.85714285714286 7.85714285714286;1 -12 27.5 -16.5]
L=
Something went wrong with this one.
3 class: 1023, 98

P=
[1 140 686 196;1 30 -7 -24;1 -1 -7 7;1 -15 35 -21]
Q=
[1 98 770 154;1 21 -5.5 -16.5;1 -1 -7.85714285714286 7.85714285714286;1 -12 27.5 -16.5]
L=
Something went wrong with this one.
3 class: 1024, 22

P=
[1 330 616 77;1 90 -56 -35;1 10 -24 13;1 -6 8 -3]
Q=
[1 22 231 770;1 6 7 -14;1 -2 -9 10;1 -10 39 -30]
L=
Something went wrong with this one.
3 class: 1024, 31

P=
[1 310 527 186;1 70 -17 -54;1 6 -17 10;1 -10 15 -6]
Q=
[1 31 465 527;1 7 9 -17;1 -1 -15 15;1 -9 25 -17]
L=
Something went wrong with this one.
3 class: 1024, 33

P=
[1 198 495 330;1 54 15 -70;1 6 -17 10;1 -10 15 -6]
Q=
[1 33 495 495;1 9 15 -25;1 1 -17 15;1 -7 15 -9]
L=
Something went wrong with this one.
3 class: 1024, 66

P=
[1 66 495 462;1 26 15 -42;1 2 -17 14;1 -6 15 -10]
Q=
[1 66 495 462;1 26 15 -42;1 2 -17 14;1 -6 15 -10]
L=
Something went wrong with this one.
3 class: 1024, 231

P=
[1 77 330 616;1 13 10 -24;1 -3 -6 8;1 -35 90 -56]
Q=
[1 231 770 22;1 39 -30 -10;1 7 -14 6;1 -9 10 -2]
L=
Something went wrong with this one.
3 class: 1029, 126

P=
[1 126 770 132;1 21 0 -22;1 0 -7 6;1 -21 35 -15]
Q=
[1 126 770 132;1 21 0 -22;1 0 -7 6;1 -21 35 -15]
L=
Something went wrong with this one.
3 class: 1035, 68

P=
[1 252 544 238;1 45 -8 -38;1 0 -8 7;1 -18 34 -17]
Q=
[1 68 782 184;1 12.1428571428571 0 -13.1428571428571;1 -1 -11.5 11.5;1 -10.8571428571429 23 -13.1428571428571]
L=
Something went wrong with this one.
3 class: 1056, 54

P=
[1 180 315 560;1 48 7 -56;1 0 -9 8;1 -12 27 -16]
Q=
[1 54 770 231;1 14.4 0 -15.4;1 1.2 -22 19.8;1 -5.4 11 -6.6]
L=
Something went wrong with this one.
3 class: 1056, 143

P=
[1 65 585 405;1 17 9 -27;1 -1 -9 9;1 -13 39 -27]
Q=
[1 143 780 132;1 37.4 -12 -26.4;1 2.2 -12 8.8;1 -9.53333333333333 17.3333333333333 -8.8]
L=
Something went wrong with this one.
3 class: 1058, 91

P=
[1 273 364 420;1 43 -4 -40;1 -3 -4 6;1 -26 65 -40]
Q=
[1 91 910 56;1 14.3333333333333 -10 -5.33333333333333;1 -1 -10 10;1 -8.66666666666667 13 -5.33333333333333]
L=
Something went wrong with this one.
3 class: 1071, 50

P=
[1 420 350 300;1 63 -7 -57;1 0 -7 6;1 -21 35 -15]
Q=
[1 50 850 170;1 7.5 0 -8.5;1 -1 -17 17;1 -9.5 17 -8.5]
L=
Something went wrong with this one.
3 class: 1080, 26

P=
[1 234 728 117;1 72 -28 -45;1 12 -28 15;1 -6 8 -3]
Q=
[1 26 234 819;1 8 12 -21;1 -1 -9 9;1 -10 30 -21]
L=
Something went wrong with this one.
3 class: 1080, 83

P=
[1 83 747 249;1 29 -9 -21;1 -1 -9 9;1 -7 27 -21]
Q=
[1 83 747 249;1 29 -9 -21;1 -1 -9 9;1 -7 27 -21]
L=
Something went wrong with this one.
3 class: 1090, 108

P=
[1 252 648 189;1 34 -6 -29;1 -1 -6 6;1 -28 48 -21]
Q=
[1 108 872 109;1 14.5714285714286 -3.46031746031746 -12.1111111111111;1 -1 -8.07407407407407 8.07407407407407;1 -16.5714285714286 27.6825396825397 -12.1111111111111]
L=
Something went wrong with this one.
3 class: 1100, 49

P=
[1 147 784 168;1 47 -16 -32;1 3 -16 12;1 -7 14 -8]
Q=
[1 49 490 560;1 15.6666666666667 10 -26.6666666666667;1 -1 -10 10;1 -9.33333333333333 35 -26.6666666666667]
L=
Something went wrong with this one.
3 class: 1120, 195

P=
[1 39 351 729;1 11 15 -27;1 -1 -9 9;1 -13 39 -27]
Q=
[1 195 819 105;1 55 -21 -35;1 8.33333333333333 -21 11.6666666666667;1 -7.22222222222222 10.1111111111111 -3.88888888888889]
L=
Something went wrong with this one.
3 class: 1125, 60

Something went wrong with this one.
3 class: 1125, 140

P=
[1 60 560 504;1 15 20 -36;1 0 -10 9;1 -15 35 -21]
Q=
[1 140 840 144;1 35 0 -36;1 5 -15 9;1 -10 15 -6]
L=
Something went wrong with this one.
3 class: 1128, 140

P=
[1 315 560 252;1 33 -4 -30;1 -3 -4 6;1 -45 80 -36]
Q=
[1 140 940 47;1 14.6666666666667 -8.95238095238095 -6.71428571428571;1 -1 -6.71428571428571 6.71428571428571;1 -16.6666666666667 22.3809523809524 -6.71428571428571]
L=
Something went wrong with this one.
3 class: 1134, 49

P=
[1 483 350 300;1 69 -10 -60;1 0 -7 6;1 -21 35 -15]
Q=
[1 49 900 184;1 7 0 -8;1 -1.4 -18 18.4;1 -9.8 18 -9.2]
L=
Something went wrong with this one.
3 class: 1134, 55

P=
[1 165 528 440;1 39 24 -64;1 3 -12 8;1 -15 24 -10]
Q=
[1 55 770 308;1 13 14 -28;1 2.5 -17.5 14;1 -8 14 -7]
L=
Something went wrong with this one.
3 class: 1140, 19

P=
[1 51 408 680;1 31 88 -120;1 13 -29 15;1 -3 3 -1]
Q=
[1 19 170 950;1 11.5490196078431 43.3333333333333 -55.8823529411765;1 4.09803921568627 -12.0833333333333 6.98529411764706;1 -3.35294117647059 3.75 -1.39705882352941]
L=
Something went wrong with this one.
3 class: 1140, 119

P=
[1 306 595 238;1 36 -5 -32;1 -2 -5 6;1 -36 63 -28]
Q=
[1 119 945 75;1 14 -6.17647058823529 -8.82352941176471;1 -1 -7.94117647058824 7.94117647058824;1 -16 23.8235294117647 -8.82352941176471]
L=
Something went wrong with this one.
3 class: 1144, 51

P=
[1 378 408 357;1 66 -8 -59;1 0 -8 7;1 -18 34 -17]
Q=
[1 51 884 208;1 8.90476190476191 0 -9.90476190476191;1 -1 -17.3333333333333 17.3333333333333;1 -8.42857142857143 17.3333333333333 -9.90476190476191]
L=
Something went wrong with this one.
3 class: 1144, 54

P=
[1 297 648 198;1 55 -12 -44;1 3 -12 8;1 -15 24 -10]
Q=
[1 54 726 363;1 10 7.33333333333333 -18.3333333333333;1 -1 -13.4444444444444 13.4444444444444;1 -12 29.3333333333333 -18.3333333333333]
L=
Something went wrong with this one.
3 class: 1156, 84

P=
[1 252 336 567;1 48 -4 -45;1 -3 -4 6;1 -20 64 -45]
Q=
[1 84 1008 63;1 16 -12 -5;1 -1 -12 12;1 -6.66666666666667 10.6666666666667 -5]
L=
Something went wrong with this one.
3 class: 1156, 135

P=
[1 270 675 210;1 32 -5 -28;1 -2 -5 6;1 -36 63 -28]
Q=
[1 135 945 75;1 16 -7 -10;1 -1 -7 7;1 -18 27 -10]
L=
Something went wrong with this one.
3 class: 1170, 84

P=
[1 91 350 728;1 26 25 -52;1 1 -10 8;1 -13 25 -13]
Q=
[1 84 845 240;1 24 9.28571428571429 -34.2857142857143;1 6 -24.1428571428571 17.1428571428571;1 -6 9.28571428571429 -4.28571428571429]
L=
Something went wrong with this one.
3 class: 1176, 125

P=
[1 125 875 175;1 27 -7 -21;1 -1 -7 7;1 -15 35 -21]
Q=
[1 125 875 175;1 27 -7 -21;1 -1 -7 7;1 -15 35 -21]
L=
Something went wrong with this one.
3 class: 1176, 125

P=
[1 125 875 175;1 27 -7 -21;1 -1 -7 7;1 -15 35 -21]
Q=
[1 125 875 175;1 27 -7 -21;1 -1 -7 7;1 -15 35 -21]
L=
Something went wrong with this one.
3 class: 1189, 40

P=
[1 140 600 448;1 58 -15 -44;1 0 -15 14;1 -5 20 -16]
Q=
[1 40 656 492;1 16.5714285714286 0 -17.5714285714286;1 -1 -16.4 16.4;1 -3.92857142857143 20.5 -17.5714285714286]
L=
Something went wrong with this one.
3 class: 1200, 55

Something went wrong with this one.
3 class: 1200, 109

P=
[1 109 872 218;1 29 -8 -22;1 -1 -8 8;1 -11 32 -22]
Q=
[1 109 872 218;1 29 -8 -22;1 -1 -8 8;1 -11 32 -22]
L=
Something went wrong with this one.
3 class: 1200, 109

P=
[1 109 872 218;1 29 -8 -22;1 -1 -8 8;1 -11 32 -22]
Q=
[1 109 872 218;1 29 -8 -22;1 -1 -8 8;1 -11 32 -22]
L=
Something went wrong with this one.
3 class: 1221, 120

P=
[1 200 720 300;1 35 -6 -30;1 -2 -6 7;1 -22 54 -33]
Q=
[1 120 990 110;1 21 -9.9 -12.1;1 -1 -8.25 8.25;1 -12 23.1 -12.1]
L=
Something went wrong with this one.
3 class: 1225, 90

Something went wrong with this one.
3 class: 1240, 30

P=
[1 378 840 21;1 99 -90 -10;1 3 -10 6;1 -6 8 -3]
Q=
[1 30 434 775;1 7.85714285714286 3.44444444444444 -12.3015873015873;1 -3.21428571428571 -5.16666666666667 7.38095238095238;1 -14.2857142857143 124 -110.714285714286]
L=
Something went wrong with this one.
3 class: 1248, 87

P=
[1 290 522 435;1 50 -6 -45;1 -2 -6 7;1 -22 54 -33]
Q=
[1 87 1044 116;1 15 -7.2 -8.8;1 -1 -12 12;1 -9 16.8 -8.8]
L=
Something went wrong with this one.
3 class: 1269, 140

P=
[1 168 980 120;1 27 -7 -21;1 0 -7 6;1 -21 35 -15]
Q=
[1 140 940 188;1 22.5 0 -23.5;1 -1 -6.71428571428571 6.71428571428571;1 -24.5 47 -23.5]
L=
Something went wrong with this one.
3 class: 1275, 84

P=
[1 308 504 462;1 53 -6 -48;1 -2 -6 7;1 -22 54 -33]
Q=
[1 84 1071 119;1 14.4545454545455 -6.95454545454545 -8.5;1 -1 -12.75 12.75;1 -8.72727272727273 16.2272727272727 -8.5]
L=
Something went wrong with this one.
3 class: 1288, 22

P=
[1 330 792 165;1 100 -36 -65;1 16 -36 19;1 -6 8 -3]
Q=
[1 22 230 1035;1 6.66666666666667 11.1515151515152 -18.8181818181818;1 -1 -10.4545454545455 10.4545454545455;1 -8.66666666666667 26.4848484848485 -18.8181818181818]
L=
Something went wrong with this one.
3 class: 1296, 35

P=
[1 245 770 280;1 77 -22 -56;1 5 -22 16;1 -7 14 -8]
Q=
[1 35 490 770;1 11 10 -22;1 -1 -14 14;1 -7 28 -22]
L=
Something went wrong with this one.
3 class: 1296, 35

P=
[1 245 770 280;1 77 -22 -56;1 5 -22 16;1 -7 14 -8]
Q=
[1 35 490 770;1 11 10 -22;1 -1 -14 14;1 -7 28 -22]
L=
Something went wrong with this one.
3 class: 1296, 37

P=
[1 185 518 592;1 65 14 -80;1 5 -22 16;1 -7 14 -8]
Q=
[1 37 518 740;1 13 14 -28;1 1 -22 20;1 -5 14 -10]
L=
Something went wrong with this one.
3 class: 1326, 50

P=
[1 700 100 525;1 88 -2 -87;1 -3 -2 4;1 -28 48 -21]
Q=
[1 50 1224 51;1 6.28571428571429 -5.24571428571429 -2.04;1 -1 -24.48 24.48;1 -8.28571428571429 9.32571428571429 -2.04]
L=
Something went wrong with this one.
3 class: 1330, 20

P=
[1 54 459 816;1 33 102 -136;1 14 -31 16;1 -3 3 -1]
Q=
[1 20 189 1120;1 12.2222222222222 49 -62.2222222222222;1 4.44444444444444 -12.7647058823529 7.3202614379085;1 -3.33333333333333 3.70588235294118 -1.37254901960784]
L=
Something went wrong with this one.
3 class: 1331, 30

P=
[1 30 300 1000;1 19 80 -100;1 8 -19 10;1 -3 3 -1]
Q=
[1 30 300 1000;1 19 80 -100;1 8 -19 10;1 -3 3 -1]
L=
Something went wrong with this one.
3 class: 1331, 30

P=
[1 30 300 1000;1 19 80 -100;1 8 -19 10;1 -3 3 -1]
Q=
[1 30 300 1000;1 19 80 -100;1 8 -19 10;1 -3 3 -1]
L=
Something went wrong with this one.
3 class: 1331, 38

P=
[1 38 646 646;1 16 85 -102;1 5 -14 8;1 -6 8 -3]
Q=
[1 38 646 646;1 16 85 -102;1 5 -14 8;1 -6 8 -3]
L=
Something went wrong with this one.
3 class: 1331, 70

P=
[1 70 630 630;1 26 36 -63;1 4 -19 14;1 -7 14 -8]
Q=
[1 70 630 630;1 26 36 -63;1 4 -19 14;1 -7 14 -8]
L=
Something went wrong with this one.
3 class: 1331, 70

P=
[1 70 630 630;1 26 36 -63;1 4 -19 14;1 -7 14 -8]
Q=
[1 70 630 630;1 26 36 -63;1 4 -19 14;1 -7 14 -8]
L=
Something went wrong with this one.
3 class: 1331, 130

P=
[1 130 1040 160;1 31 -16 -16;1 -2 -5 6;1 -13 39 -27]
Q=
[1 130 1040 160;1 31 -16 -16;1 -2 -5 6;1 -13 39 -27]
L=
Something went wrong with this one.
3 class: 1331, 390

P=
[1 30 390 910;1 8 5 -14;1 -3 -6 8;1 -14 104 -91]
Q=
[1 390 910 30;1 104 -91 -14;1 5 -14 8;1 -6 8 -3]
L=
Something went wrong with this one.
3 class: 1342, 60

P=
[1 105 900 336;1 44 -15 -30;1 0 -15 14;1 -5 20 -16]
Q=
[1 60 732 549;1 25.1428571428571 0 -26.1428571428571;1 -1 -12.2 12.2;1 -5.35714285714286 30.5 -26.1428571428571]
L=
Something went wrong with this one.
3 class: 1344, 79

P=
[1 158 553 632;1 46 -7 -40;1 -2 -7 8;1 -10 49 -40]
Q=
[1 79 1106 158;1 23 -14 -10;1 -1 -14 14;1 -5 14 -10]
L=
Something went wrong with this one.
3 class: 1344, 79

P=
[1 158 553 632;1 46 -7 -40;1 -2 -7 8;1 -10 49 -40]
Q=
[1 79 1106 158;1 23 -14 -10;1 -1 -14 14;1 -5 14 -10]
L=
Something went wrong with this one.
3 class: 1344, 98

P=
[1 308 720 315;1 44 0 -45;1 0 -8 7;1 -28 48 -21]
Q=
[1 98 1080 165;1 14 0 -15;1 0 -12 11;1 -14 24 -11]
L=
Something went wrong with this one.
3 class: 1349, 70

P=
[1 270 700 378;1 57 -10 -48;1 0 -10 9;1 -15 35 -21]
Q=
[1 70 994 284;1 14.7777777777778 0 -15.7777777777778;1 -1 -14.2 14.2;1 -8.88888888888889 23.6666666666667 -15.7777777777778]
L=
Something went wrong with this one.
3 class: 1365, 124

P=
[1 248 868 248;1 38 -7 -32;1 -1 -7 7;1 -25 49 -25]
Q=
[1 124 1085 155;1 19 -4.375 -15.625;1 -1 -8.75 8.75;1 -16 30.625 -15.625]
L=
Something went wrong with this one.
3 class: 1365, 132

P=
[1 176 660 528;1 36 -5 -32;1 -3 -5 7;1 -19 75 -57]
Q=
[1 132 1155 77;1 27 -19.6875 -8.3125;1 -1 -8.75 8.75;1 -8 15.3125 -8.3125]
L=
Something went wrong with this one.
3 class: 1365, 140

P=
[1 104 936 324;1 26 0 -27;1 -1 -9 9;1 -13 39 -27]
Q=
[1 140 1014 210;1 35 -9.75 -26.25;1 0 -9.75 8.75;1 -11.6666666666667 28.1666666666667 -17.5]
L=
Something went wrong with this one.
3 class: 1372, 60

P=
[1 60 855 456;1 18 57 -76;1 4 -13 8;1 -10 15 -6]
Q=
[1 60 855 456;1 18 57 -76;1 4 -13 8;1 -10 15 -6]
L=
Something went wrong with this one.
3 class: 1377, 80

P=
[1 240 800 336;1 51 -10 -42;1 0 -10 9;1 -15 35 -21]
Q=
[1 80 1008 288;1 17 0 -18;1 -1 -12.6 12.6;1 -10 27 -18]
L=
Something went wrong with this one.
3 class: 1395, 62

P=
[1 98 784 512;1 35 28 -64;1 5 -22 16;1 -7 14 -8]
Q=
[1 62 588 744;1 22.1428571428571 30 -53.1428571428571;1 2.21428571428571 -16.5 13.2857142857143;1 -7.75 18.375 -11.625]
L=
Something went wrong with this one.
3 class: 1395, 164

P=
[1 164 984 246;1 29 -6 -24;1 -2 -6 7;1 -22 54 -33]
Q=
[1 164 1107 123;1 29 -13.5 -16.5;1 -1 -6.75 6.75;1 -16 31.5 -16.5]
L=
Something went wrong with this one.
3 class: 1407, 76

P=
[1 380 456 570;1 65 -6 -60;1 -2 -6 7;1 -22 54 -33]
Q=
[1 76 1197 133;1 13 -6.3 -7.7;1 -1 -15.75 15.75;1 -8 14.7 -7.7]
L=
Something went wrong with this one.
3 class: 1408, 63

P=
[1 210 1071 126;1 50 -17 -34;1 6 -17 10;1 -10 15 -6]
Q=
[1 63 630 714;1 15 18 -34;1 -1 -10 10;1 -17 50 -34]
L=
Something went wrong with this one.
3 class: 1425, 56

P=
[1 360 560 504;1 75 -10 -66;1 0 -10 9;1 -15 35 -21]
Q=
[1 56 1064 304;1 11.6666666666667 0 -12.6666666666667;1 -1 -19 19;1 -7.33333333333333 19 -12.6666666666667]
L=
Something went wrong with this one.
3 class: 1426, 45

P=
[1 300 945 180;1 70 -21 -50;1 8 -21 12;1 -10 15 -6]
Q=
[1 45 575 805;1 10.5 15.3333333333333 -26.8333333333333;1 -1 -12.7777777777778 12.7777777777778;1 -12.5 38.3333333333333 -26.8333333333333]
L=
Something went wrong with this one.
3 class: 1445, 84

P=
[1 576 420 448;1 66 -5 -62;1 -2 -5 6;1 -36 63 -28]
Q=
[1 84 1260 100;1 9.625 -4.375 -6.25;1 -1 -15 15;1 -11.625 16.875 -6.25]
L=
Something went wrong with this one.
3 class: 1456, 90

P=
[1 225 1080 150;1 43 -12 -32;1 3 -12 8;1 -15 24 -10]
Q=
[1 90 910 455;1 17.2 12.1333333333333 -30.3333333333333;1 -1 -10.1111111111111 10.1111111111111;1 -19.2 48.5333333333333 -30.3333333333333]
L=
Something went wrong with this one.
3 class: 1456, 90

P=
[1 225 1080 150;1 43 -12 -32;1 3 -12 8;1 -15 24 -10]
Q=
[1 90 910 455;1 17.2 12.1333333333333 -30.3333333333333;1 -1 -10.1111111111111 10.1111111111111;1 -19.2 48.5333333333333 -30.3333333333333]
L=
Something went wrong with this one.
3 class: 1456, 97

P=
[1 388 776 291;1 52 -8 -45;1 0 -8 7;1 -28 48 -21]
Q=
[1 97 1164 194;1 13 0 -14;1 -1 -12 12;1 -15 28 -14]
L=
Something went wrong with this one.
3 class: 1458, 62

P=
[1 620 372 465;1 80 -6 -75;1 -1 -6 6;1 -28 48 -21]
Q=
[1 62 1240 155;1 8 -2 -7;1 -1 -20 20;1 -10 16 -7]
L=
Something went wrong with this one.
3 class: 1458, 188

P=
[1 188 1128 141;1 26 -6 -21;1 -1 -6 6;1 -28 48 -21]
Q=
[1 188 1128 141;1 26 -6 -21;1 -1 -6 6;1 -28 48 -21]
L=
Something went wrong with this one.
3 class: 1470, 104

P=
[1 104 1040 325;1 34 -10 -25;1 -1 -10 10;1 -8 32 -25]
Q=
[1 104 1040 325;1 34 -10 -25;1 -1 -10 10;1 -8 32 -25]
L=
Something went wrong with this one.
3 class: 1485, 98

P=
[1 210 980 294;1 45 -10 -36;1 0 -10 9;1 -15 35 -21]
Q=
[1 98 1078 308;1 21 0 -22;1 -1 -11 11;1 -12 33 -22]
L=
Something went wrong with this one.
3 class: 1520, 49

P=
[1 441 784 294;1 81 -16 -66;1 5 -16 10;1 -15 24 -10]
Q=
[1 49 882 588;1 9 10 -20;1 -1 -18 18;1 -11 30 -20]
L=
Something went wrong with this one.
3 class: 1520, 56

P=
[1 245 784 490;1 55 24 -80;1 5 -16 10;1 -15 24 -10]
Q=
[1 56 931 532;1 12.5714285714286 19 -32.5714285714286;1 1.71428571428571 -19 16.2857142857143;1 -9.14285714285714 19 -10.8571428571429]
L=
Something went wrong with this one.
3 class: 1540, 21

P=
[1 57 513 969;1 35 117 -153;1 15 -33 17;1 -3 3 -1]
Q=
[1 21 209 1309;1 12.8947368421053 55 -68.8947368421053;1 4.78947368421053 -13.4444444444444 7.65497076023392;1 -3.31578947368421 3.66666666666667 -1.35087719298246]
L=
Something went wrong with this one.
3 class: 1540, 54

P=
[1 297 648 594;1 77 -12 -66;1 0 -12 11;1 -11 32 -22]
Q=
[1 54 1080 405;1 14 0 -15;1 -1 -20 20;1 -6 20 -15]
L=
Something went wrong with this one.
3 class: 1540, 54

P=
[1 297 648 594;1 77 -12 -66;1 0 -12 11;1 -11 32 -22]
Q=
[1 54 1080 405;1 14 0 -15;1 -1 -20 20;1 -6 20 -15]
L=
Something went wrong with this one.
3 class: 1540, 54

P=
[1 297 648 594;1 77 -12 -66;1 0 -12 11;1 -11 32 -22]
Q=
[1 54 1080 405;1 14 0 -15;1 -1 -20 20;1 -6 20 -15]
L=
Something went wrong with this one.
3 class: 1540, 76

P=
[1 532 608 399;1 70 -8 -63;1 0 -8 7;1 -28 48 -21]
Q=
[1 76 1254 209;1 10 0 -11;1 -1 -16.5 16.5;1 -12 22 -11]
L=
Something went wrong with this one.
3 class: 1540, 216

P=
[1 90 504 945;1 20 14 -35;1 -2 -8 9;1 -20 64 -45]
Q=
[1 216 1225 98;1 48 -27.2222222222222 -21.7777777777778;1 6 -19.4444444444444 12.4444444444444;1 -8 11.6666666666667 -4.66666666666667]
L=
Something went wrong with this one.
3 class: 1548, 35

P=
[1 252 875 420;1 90 -25 -66;1 4 -25 20;1 -6 15 -10]
Q=
[1 35 567 945;1 12.5 9 -22.5;1 -1 -16.2 16.2;1 -5.5 27 -22.5]
L=
Something went wrong with this one.
3 class: 1548, 35

P=
[1 252 875 420;1 90 -25 -66;1 4 -25 20;1 -6 15 -10]
Q=
[1 35 567 945;1 12.5 9 -22.5;1 -1 -16.2 16.2;1 -5.5 27 -22.5]
L=
Something went wrong with this one.
3 class: 1581, 50

P=
[1 450 500 630;1 93 -10 -84;1 0 -10 9;1 -15 35 -21]
Q=
[1 50 1190 340;1 10.3333333333333 0 -11.3333333333333;1 -1 -23.8 23.8;1 -6.66666666666667 17 -11.3333333333333]
L=
Something went wrong with this one.
3 class: 1596, 55

P=
[1 330 825 440;1 78 -15 -64;1 2 -15 12;1 -12 27 -16]
Q=
[1 55 990 550;1 13 6 -20;1 -1 -18 18;1 -8 27 -20]
L=
Something went wrong with this one.
3 class: 1596, 132

P=
[1 308 1056 231;1 42 -8 -35;1 0 -8 7;1 -28 48 -21]
Q=
[1 132 1254 209;1 18 0 -19;1 -1 -9.5 9.5;1 -20 38 -19]
L=
Something went wrong with this one.
3 class: 1600, 39

P=
[1 390 975 234;1 90 -25 -66;1 10 -25 14;1 -10 15 -6]
Q=
[1 39 585 975;1 9 15 -25;1 -1 -15 15;1 -11 35 -25]
L=
Something went wrong with this one.
3 class: 1600, 234

P=
[1 78 234 1287;1 18 14 -33;1 -2 -6 7;1 -22 54 -33]
Q=
[1 234 1287 78;1 54 -33 -22;1 14 -33 18;1 -6 7 -2]
L=
Something went wrong with this one.
3 class: 1617, 48

P=
[1 224 720 672;1 77 -15 -63;1 0 -15 14;1 -7 27 -21]
Q=
[1 48 1008 560;1 16.5 0 -17.5;1 -1 -21 21;1 -4.5 21 -17.5]
L=
Something went wrong with this one.
3 class: 1617, 48

P=
[1 224 720 672;1 77 -15 -63;1 0 -15 14;1 -7 27 -21]
Q=
[1 48 1008 560;1 16.5 0 -17.5;1 -1 -21 21;1 -4.5 21 -17.5]
L=
Something went wrong with this one.
3 class: 1632, 135

P=
[1 168 770 693;1 32 22 -55;1 0 -10 9;1 -24 50 -27]
Q=
[1 135 1309 187;1 25.7142857142857 0 -26.7142857142857;1 3.85714285714286 -17 12.1428571428571;1 -10.7142857142857 17 -7.28571428571429]
L=
Something went wrong with this one.
3 class: 1680, 69

P=
[1 69 1035 575;1 39 -15 -25;1 -1 -15 15;1 -3 27 -25]
Q=
[1 69 1035 575;1 39 -15 -25;1 -1 -15 15;1 -3 27 -25]
L=
Something went wrong with this one.
3 class: 1680, 69

P=
[1 69 1035 575;1 39 -15 -25;1 -1 -15 15;1 -3 27 -25]
Q=
[1 69 1035 575;1 39 -15 -25;1 -1 -15 15;1 -3 27 -25]
L=
Something went wrong with this one.
3 class: 1680, 69

P=
[1 69 1035 575;1 39 -15 -25;1 -1 -15 15;1 -3 27 -25]
Q=
[1 69 1035 575;1 39 -15 -25;1 -1 -15 15;1 -3 27 -25]
L=
Something went wrong with this one.
3 class: 1680, 69

P=
[1 69 1035 575;1 39 -15 -25;1 -1 -15 15;1 -3 27 -25]
Q=
[1 69 1035 575;1 39 -15 -25;1 -1 -15 15;1 -3 27 -25]
L=
Something went wrong with this one.
3 class: 1680, 69

P=
[1 69 1035 575;1 39 -15 -25;1 -1 -15 15;1 -3 27 -25]
Q=
[1 69 1035 575;1 39 -15 -25;1 -1 -15 15;1 -3 27 -25]
L=
Something went wrong with this one.
3 class: 1680, 69

P=
[1 69 1035 575;1 39 -15 -25;1 -1 -15 15;1 -3 27 -25]
Q=
[1 69 1035 575;1 39 -15 -25;1 -1 -15 15;1 -3 27 -25]
L=
Something went wrong with this one.
3 class: 1680, 69

P=
[1 69 1035 575;1 39 -15 -25;1 -1 -15 15;1 -3 27 -25]
Q=
[1 69 1035 575;1 39 -15 -25;1 -1 -15 15;1 -3 27 -25]
L=
Something went wrong with this one.
3 class: 1680, 146

P=
[1 292 1168 219;1 40 -8 -33;1 0 -8 7;1 -28 48 -21]
Q=
[1 146 1314 219;1 20 0 -21;1 -1 -9 9;1 -22 42 -21]
L=
Something went wrong with this one.
3 class: 1701, 160

P=
[1 160 640 900;1 34 10 -45;1 -2 -8 9;1 -20 64 -45]
Q=
[1 160 1400 140;1 34 -17.5 -17.5;1 2.5 -17.5 14;1 -8 14 -7]
L=
Something went wrong with this one.
3 class: 1702, 45

P=
[1 216 1125 360;1 78 -25 -54;1 4 -25 20;1 -6 15 -10]
Q=
[1 45 621 1035;1 16.25 11.5 -28.75;1 -1 -13.8 13.8;1 -6.75 34.5 -28.75]
L=
Something went wrong with this one.
3 class: 1702, 45

P=
[1 216 1125 360;1 78 -25 -54;1 4 -25 20;1 -6 15 -10]
Q=
[1 45 621 1035;1 16.25 11.5 -28.75;1 -1 -13.8 13.8;1 -6.75 34.5 -28.75]
L=
Something went wrong with this one.
3 class: 1716, 77

P=
[1 49 441 1225;1 23 51 -75;1 5 -21 15;1 -5 9 -5]
Q=
[1 77 637 1001;1 36.1428571428571 65 -102.142857142857;1 8.90476190476191 -30.3333333333333 20.4285714285714;1 -4.71428571428571 7.8 -4.08571428571429]
L=
Something went wrong with this one.
3 class: 1716, 98

P=
[1 98 1176 441;1 38 -12 -27;1 -1 -12 12;1 -6 32 -27]
Q=
[1 98 1176 441;1 38 -12 -27;1 -1 -12 12;1 -6 32 -27]
L=
Something went wrong with this one.
3 class: 1716, 98

P=
[1 98 1176 441;1 38 -12 -27;1 -1 -12 12;1 -6 32 -27]
Q=
[1 98 1176 441;1 38 -12 -27;1 -1 -12 12;1 -6 32 -27]
L=
Something went wrong with this one.
3 class: 1728, 33

P=
[1 33 363 1331;1 21 99 -121;1 9 -21 11;1 -3 3 -1]
Q=
[1 33 363 1331;1 21 99 -121;1 9 -21 11;1 -3 3 -1]
L=
Something went wrong with this one.
3 class: 1728, 63

P=
[1 462 770 495;1 78 2 -81;1 3 -13 9;1 -21 35 -15]
Q=
[1 63 1232 432;1 10.6363636363636 8 -19.6363636363636;1 0.163636363636364 -20.8 19.6363636363636;1 -10.3090909090909 22.4 -13.0909090909091]
L=
Something went wrong with this one.
3 class: 1728, 77

P=
[1 77 770 880;1 29 50 -80;1 5 -22 16;1 -7 14 -8]
Q=
[1 77 770 880;1 29 50 -80;1 5 -22 16;1 -7 14 -8]
L=
Something went wrong with this one.
3 class: 1728, 110

P=
[1 264 770 693;1 48 14 -63;1 0 -10 9;1 -24 50 -27]
Q=
[1 110 1386 231;1 20 0 -21;1 2 -18 15;1 -10 18 -9]
L=
Something went wrong with this one.
3 class: 1728, 143

P=
[1 143 1287 297;1 35 -9 -27;1 -1 -9 9;1 -13 39 -27]
Q=
[1 143 1287 297;1 35 -9 -27;1 -1 -9 9;1 -13 39 -27]
L=
Something went wrong with this one.
3 class: 1728, 143

P=
[1 143 1287 297;1 35 -9 -27;1 -1 -9 9;1 -13 39 -27]
Q=
[1 143 1287 297;1 35 -9 -27;1 -1 -9 9;1 -13 39 -27]
L=
Something went wrong with this one.
3 class: 1729, 64

P=
[1 256 448 1024;1 74 -7 -68;1 -2 -7 8;1 -10 49 -40]
Q=
[1 64 1456 208;1 18.5 -11.375 -8.125;1 -1 -22.75 22.75;1 -4.25 11.375 -8.125]
L=
Something went wrong with this one.
3 class: 1729, 64

P=
[1 256 448 1024;1 74 -7 -68;1 -2 -7 8;1 -10 49 -40]
Q=
[1 64 1456 208;1 18.5 -11.375 -8.125;1 -1 -22.75 22.75;1 -4.25 11.375 -8.125]
L=
Something went wrong with this one.
3 class: 1740, 74

P=
[1 222 1184 333;1 60 -16 -45;1 2 -16 13;1 -10 24 -15]
Q=
[1 74 999 666;1 20 9 -30;1 -1 -13.5 13.5;1 -10 39 -30]
L=
Something went wrong with this one.
3 class: 1740, 74

P=
[1 222 1184 333;1 60 -16 -45;1 2 -16 13;1 -10 24 -15]
Q=
[1 74 999 666;1 20 9 -30;1 -1 -13.5 13.5;1 -10 39 -30]
L=
Something went wrong with this one.
3 class: 1771, 22

P=
[1 60 570 1140;1 37 133 -171;1 16 -35 18;1 -3 3 -1]
Q=
[1 22 230 1518;1 13.5666666666667 61.3333333333333 -75.9;1 5.13333333333333 -14.1228070175439 7.98947368421053;1 -3.3 3.63157894736842 -1.33157894736842]
L=
Something went wrong with this one.
3 class: 1782, 26

P=
[1 390 1196 195;1 120 -46 -75;1 21 -46 24;1 -6 8 -3]
Q=
[1 26 260 1495;1 8 14 -23;1 -1 -10 10;1 -10 32 -23]
L=
Something went wrong with this one.
3 class: 1782, 65

P=
[1 260 1365 156;1 62 -21 -42;1 8 -21 12;1 -10 15 -6]
Q=
[1 65 715 1001;1 15.5 22 -38.5;1 -1 -11 11;1 -17.5 55 -38.5]
L=
Something went wrong with this one.
3 class: 1792, 63

P=
[1 225 216 1350;1 65 24 -90;1 1 -8 6;1 -15 24 -10]
Q=
[1 63 1350 378;1 18.2 6 -25.2;1 7 -50 42;1 -4.2 6 -2.8]
L=
Something went wrong with this one.
3 class: 1792, 63

P=
[1 225 216 1350;1 65 24 -90;1 1 -8 6;1 -15 24 -10]
Q=
[1 63 1350 378;1 18.2 6 -25.2;1 7 -50 42;1 -4.2 6 -2.8]
L=
Something went wrong with this one.
3 class: 1792, 63

P=
[1 225 216 1350;1 65 24 -90;1 1 -8 6;1 -15 24 -10]
Q=
[1 63 1350 378;1 18.2 6 -25.2;1 7 -50 42;1 -4.2 6 -2.8]
L=
Something went wrong with this one.
3 class: 1792, 99

P=
[1 504 693 594;1 56 21 -78;1 0 -7 6;1 -56 77 -22]
Q=
[1 99 1584 108;1 11 0 -12;1 3 -16 12;1 -13 16 -4]
L=
Something went wrong with this one.
3 class: 1792, 199

P=
[1 199 1393 199;1 31 -7 -25;1 -1 -7 7;1 -25 49 -25]
Q=
[1 199 1393 199;1 31 -7 -25;1 -1 -7 7;1 -25 49 -25]
L=
Something went wrong with this one.
3 class: 1820, 51

P=
[1 204 1275 340;1 74 -25 -50;1 4 -25 20;1 -6 15 -10]
Q=
[1 51 663 1105;1 18.5 13 -32.5;1 -1 -13 13;1 -7.5 39 -32.5]
L=
Something went wrong with this one.
3 class: 1820, 51

P=
[1 204 1275 340;1 74 -25 -50;1 4 -25 20;1 -6 15 -10]
Q=
[1 51 663 1105;1 18.5 13 -32.5;1 -1 -13 13;1 -7.5 39 -32.5]
L=
Something went wrong with this one.
3 class: 1833, 140

P=
[1 180 1400 252;1 39 -10 -30;1 0 -10 9;1 -15 35 -21]
Q=
[1 140 1316 376;1 30.3333333333333 0 -31.3333333333333;1 -1 -9.4 9.4;1 -16.6666666666667 47 -31.3333333333333]
L=
Something went wrong with this one.
3 class: 1836, 35

P=
[1 350 1085 400;1 110 -31 -80;1 8 -31 22;1 -7 14 -8]
Q=
[1 35 560 1240;1 11 12.8 -24.8;1 -1 -16 16;1 -7 30.8 -24.8]
L=
Something went wrong with this one.
3 class: 1836, 35

P=
[1 350 1085 400;1 110 -31 -80;1 8 -31 22;1 -7 14 -8]
Q=
[1 35 560 1240;1 11 12.8 -24.8;1 -1 -16 16;1 -7 30.8 -24.8]
L=
Something went wrong with this one.
3 class: 1863, 98

P=
[1 392 882 588;1 68 -9 -60;1 -1 -9 9;1 -22 54 -33]
Q=
[1 98 1512 252;1 17 -3.85714285714286 -14.1428571428571;1 -1 -15.4285714285714 15.4285714285714;1 -10 23.1428571428571 -14.1428571428571]
L=
Something went wrong with this one.
3 class: 1885, 144

P=
[1 252 864 768;1 49 -6 -44;1 -3 -6 8;1 -21 84 -64]
Q=
[1 144 1624 116;1 28 -19.3333333333333 -9.66666666666667;1 -1 -11.2777777777778 11.2777777777778;1 -8.25 16.9166666666667 -9.66666666666667]
L=
Something went wrong with this one.
3 class: 1904, 55

P=
[1 330 1375 198;1 78 -25 -54;1 10 -25 14;1 -10 15 -6]
Q=
[1 55 693 1155;1 13 21 -35;1 -1 -12.6 12.6;1 -15 49 -35]
L=
Something went wrong with this one.
3 class: 1911, 195

P=
[1 270 540 1100;1 39 15 -55;1 -3 -6 8;1 -45 99 -55]
Q=
[1 195 1650 65;1 28.1666666666667 -18.3333333333333 -10.8333333333333;1 5.41666666666667 -18.3333333333333 11.9166666666667;1 -9.75 12 -3.25]
L=
Something went wrong with this one.
3 class: 1920, 57

P=
[1 665 1064 190;1 105 -56 -50;1 5 -16 10;1 -15 24 -10]
Q=
[1 57 1064 798;1 9 8 -18;1 -3 -16 18;1 -15 56 -42]
L=
Something went wrong with this one.
3 class: 1920, 63

P=
[1 399 665 855;1 79 25 -105;1 3 -13 9;1 -21 35 -15]
Q=
[1 63 1400 456;1 12.4736842105263 10.5263157894737 -24;1 2.36842105263158 -27.3684210526316 24;1 -7.73684210526316 14.7368421052632 -8]
L=
Something went wrong with this one.
3 class: 1920, 95

P=
[1 399 1235 285;1 63 -13 -51;1 3 -13 9;1 -21 35 -15]
Q=
[1 95 1330 494;1 15 10 -26;1 -1 -14 14;1 -17 42 -26]
L=
Something went wrong with this one.
3 class: 1936, 43

P=
[1 430 1247 258;1 100 -29 -72;1 12 -29 16;1 -10 15 -6]
Q=
[1 43 645 1247;1 10 18 -29;1 -1 -15 15;1 -12 40 -29]
L=
Something went wrong with this one.
3 class: 1936, 54

P=
[1 513 1080 342;1 95 -20 -76;1 7 -20 12;1 -15 24 -10]
Q=
[1 54 1026 855;1 10 14 -25;1 -1 -19 19;1 -12 36 -25]
L=
Something went wrong with this one.
3 class: 1944, 29

P=
[1 319 1305 319;1 121 -45 -77;1 13 -45 31;1 -5 9 -5]
Q=
[1 29 319 1595;1 11 13 -25;1 -1 -11 11;1 -7 31 -25]
L=
Something went wrong with this one.
3 class: 1944, 58

P=
[1 435 638 870;1 75 44 -120;1 3 -10 6;1 -33 44 -12]
Q=
[1 58 1595 290;1 10 11 -22;1 4 -25 20;1 -8 11 -4]
L=
Something went wrong with this one.
3 class: 1944, 67

P=
[1 201 402 1340;1 57 42 -100;1 3 -12 8;1 -15 24 -10]
Q=
[1 67 1340 536;1 19 20 -40;1 7 -40 32;1 -5 8 -4]
L=
Something went wrong with this one.
3 class: 1944, 134

P=
[1 268 1072 603;1 52 -8 -45;1 -2 -8 9;1 -20 64 -45]
Q=
[1 134 1608 201;1 26 -12 -15;1 -1 -12 12;1 -10 24 -15]
L=
Something went wrong with this one.
3 class: 1944, 134

P=
[1 268 1072 603;1 52 -8 -45;1 -2 -8 9;1 -20 64 -45]
Q=
[1 134 1608 201;1 26 -12 -15;1 -1 -12 12;1 -10 24 -15]
L=
Something went wrong with this one.
3 class: 1975, 78

P=
[1 312 1014 648;1 75 -13 -63;1 0 -13 12;1 -13 39 -27]
Q=
[1 78 1422 474;1 18.75 0 -19.75;1 -1 -18.2307692307692 18.2307692307692;1 -7.58333333333333 26.3333333333333 -19.75]
L=
Something went wrong with this one.
3 class: 1976, 25

P=
[1 450 1300 225;1 138 -52 -87;1 24 -52 27;1 -6 8 -3]
Q=
[1 25 260 1690;1 7.66666666666667 13.8666666666667 -22.5333333333333;1 -1 -10.4 10.4;1 -9.66666666666667 31.2 -22.5333333333333]
L=
Something went wrong with this one.
3 class: 1978, 42

P=
[1 360 1302 315;1 102 -31 -72;1 10 -31 20;1 -8 14 -7]
Q=
[1 42 602 1333;1 11.9 16.7222222222222 -29.6222222222222;1 -1 -14.3333333333333 14.3333333333333;1 -9.6 38.2222222222222 -29.6222222222222]
L=
Something went wrong with this one.
3 class: 2001, 160

P=
[1 400 960 640;1 55 -6 -50;1 -3 -6 8;1 -35 90 -56]
Q=
[1 160 1725 115;1 22 -12.9375 -10.0625;1 -1 -10.78125 10.78125;1 -12.5 21.5625 -10.0625]
L=
Something went wrong with this one.
3 class: 2013, 60

P=
[1 320 1500 192;1 76 -25 -52;1 10 -25 14;1 -10 15 -6]
Q=
[1 60 732 1220;1 14.25 22.875 -38.125;1 -1 -12.2 12.2;1 -16.25 53.375 -38.125]
L=
Something went wrong with this one.
3 class: 2016, 62

P=
[1 155 1364 496;1 65 -22 -44;1 1 -22 20;1 -5 20 -16]
Q=
[1 62 930 1023;1 26 6 -33;1 -1 -15 15;1 -5.5 37.5 -33]
L=
Something went wrong with this one.
3 class: 2016, 62

P=
[1 155 1364 496;1 65 -22 -44;1 1 -22 20;1 -5 20 -16]
Q=
[1 62 930 1023;1 26 6 -33;1 -1 -15 15;1 -5.5 37.5 -33]
L=
Something went wrong with this one.
3 class: 2016, 62

P=
[1 155 1364 496;1 65 -22 -44;1 1 -22 20;1 -5 20 -16]
Q=
[1 62 930 1023;1 26 6 -33;1 -1 -15 15;1 -5.5 37.5 -33]
L=
Something went wrong with this one.
3 class: 2016, 65

P=
[1 325 1040 650;1 85 -16 -70;1 1 -16 14;1 -11 32 -22]
Q=
[1 65 1300 650;1 17 4 -22;1 -1 -20 20;1 -7 28 -22]
L=
Something went wrong with this one.
3 class: 2016, 65

P=
[1 325 1040 650;1 85 -16 -70;1 1 -16 14;1 -11 32 -22]
Q=
[1 65 1300 650;1 17 4 -22;1 -1 -20 20;1 -7 28 -22]
L=
Something went wrong with this one.
3 class: 2016, 195

P=
[1 195 1560 260;1 35 -8 -28;1 -1 -8 8;1 -21 48 -28]
Q=
[1 195 1560 260;1 35 -8 -28;1 -1 -8 8;1 -21 48 -28]
L=
Something went wrong with this one.
3 class: 2016, 195

P=
[1 195 1560 260;1 35 -8 -28;1 -1 -8 8;1 -21 48 -28]
Q=
[1 195 1560 260;1 35 -8 -28;1 -1 -8 8;1 -21 48 -28]
L=
Something went wrong with this one.
3 class: 2024, 23

P=
[1 63 630 1330;1 39 150 -190;1 17 -37 19;1 -3 3 -1]
Q=
[1 23 252 1748;1 14.2380952380952 68 -83.2380952380952;1 5.47619047619048 -14.8 8.32380952380952;1 -3.28571428571429 3.6 -1.31428571428571]
L=
Something went wrong with this one.
3 class: 2025, 22

P=
[1 462 1232 330;1 147 -28 -120;1 27 -58 30;1 -6 8 -3]
Q=
[1 22 252 1750;1 7 14.7272727272727 -22.7272727272727;1 -0.5 -11.8636363636364 11.3636363636364;1 -8 22.9090909090909 -15.9090909090909]
L=
Something went wrong with this one.
3 class: 2025, 44

P=
[1 308 1364 352;1 98 -31 -68;1 8 -31 22;1 -7 14 -8]
Q=
[1 44 616 1364;1 14 16 -31;1 -1 -14 14;1 -8.5 38.5 -31]
L=
Something went wrong with this one.
3 class: 2025, 88

P=
[1 528 1232 264;1 78 -28 -51;1 3 -13 9;1 -21 35 -15]
Q=
[1 88 1386 550;1 13 7.875 -21.875;1 -2 -14.625 15.625;1 -17 47.25 -31.25]
L=
Something went wrong with this one.
3 class: 2044, 72

P=
[1 216 1152 675;1 70 -16 -55;1 0 -16 15;1 -8 32 -25]
Q=
[1 72 1314 657;1 23.3333333333333 0 -24.3333333333333;1 -1 -18.25 18.25;1 -5.86666666666667 29.2 -24.3333333333333]
L=
Something went wrong with this one.
3 class: 2048, 23

P=
[1 506 1288 253;1 154 -56 -99;1 26 -56 29;1 -6 8 -3]
Q=
[1 23 253 1771;1 7 13 -21;1 -1 -11 11;1 -9 29 -21]
L=
Something went wrong with this one.
3 class: 2048, 253

P=
[1 253 506 1288;1 29 26 -56;1 -3 -6 8;1 -99 154 -56]
Q=
[1 253 1771 23;1 29 -21 -9;1 13 -21 7;1 -11 11 -1]
L=
Something went wrong with this one.
3 class: 2058, 68

P=
[1 510 1326 221;1 90 -39 -52;1 6 -18 11;1 -15 24 -10]
Q=
[1 68 1105 884;1 12 13 -26;1 -2 -15 16;1 -16 55 -40]
L=
Something went wrong with this one.
3 class: 2060, 29

P=
[1 406 1450 203;1 126 -50 -77;1 23 -50 26;1 -6 8 -3]
Q=
[1 29 280 1750;1 9 15.8620689655172 -25.8620689655172;1 -1 -9.6551724137931 9.6551724137931;1 -11 35.8620689655172 -25.8620689655172]
L=
Something went wrong with this one.
3 class: 2080, 39

P=
[1 378 1215 486;1 98 15 -114;1 14 -33 18;1 -10 15 -6]
Q=
[1 39 675 1365;1 10.1111111111111 25 -36.1111111111111;1 0.481481481481481 -18.3333333333333 16.8518518518519;1 -9.14814814814815 25 -16.8518518518519]
L=
Something went wrong with this one.
3 class: 2080, 54

P=
[1 405 864 810;1 105 -16 -90;1 1 -16 14;1 -11 32 -22]
Q=
[1 54 1350 675;1 14 3.33333333333333 -18.3333333333333;1 -1 -25 25;1 -6 23.3333333333333 -18.3333333333333]
L=
Something went wrong with this one.
3 class: 2080, 99

P=
[1 396 792 891;1 76 -8 -69;1 -2 -8 9;1 -20 64 -45]
Q=
[1 99 1760 220;1 19 -8.88888888888889 -11.1111111111111;1 -1 -17.7777777777778 17.7777777777778;1 -7.66666666666667 17.7777777777778 -11.1111111111111]
L=
Something went wrong with this one.
3 class: 2080, 99

P=
[1 396 792 891;1 76 -8 -69;1 -2 -8 9;1 -20 64 -45]
Q=
[1 99 1760 220;1 19 -8.88888888888889 -11.1111111111111;1 -1 -17.7777777777778 17.7777777777778;1 -7.66666666666667 17.7777777777778 -11.1111111111111]
L=
Something went wrong with this one.
3 class: 2106, 65

P=
[1 125 1500 480;1 35 60 -96;1 8 -21 12;1 -10 15 -6]
Q=
[1 65 1000 1040;1 18.2 64 -83.2;1 2.6 -14 10.4;1 -13 25 -13]
L=
Something went wrong with this one.
3 class: 2112, 110

P=
[1 225 1656 230;1 45 0 -46;1 5 -16 10;1 -15 24 -10]
Q=
[1 110 1242 759;1 22 27.6 -50.6;1 0 -12 11;1 -22 54 -33]
L=
Something went wrong with this one.
3 class: 2120, 39

P=
[1 520 1287 312;1 120 -33 -88;1 14 -33 18;1 -10 15 -6]
Q=
[1 39 650 1430;1 9 17.5 -27.5;1 -1 -16.6666666666667 16.6666666666667;1 -11 37.5 -27.5]
L=
Something went wrong with this one.
3 class: 2125, 84

P=
[1 504 1260 360;1 79 -15 -65;1 4 -15 10;1 -21 35 -15]
Q=
[1 84 1428 612;1 13.1666666666667 11.3333333333333 -25.5;1 -1 -17 17;1 -15.1666666666667 39.6666666666667 -25.5]
L=
Something went wrong with this one.
3 class: 2145, 64

P=
[1 384 704 1056;1 98 -11 -88;1 -1 -11 11;1 -12 44 -33]
Q=
[1 64 1664 416;1 16.3333333333333 -4.33333333333333 -13;1 -1 -26 26;1 -5.33333333333333 17.3333333333333 -13]
L=
Something went wrong with this one.
3 class: 2145, 64

P=
[1 384 704 1056;1 98 -11 -88;1 -1 -11 11;1 -12 44 -33]
Q=
[1 64 1664 416;1 16.3333333333333 -4.33333333333333 -13;1 -1 -26 26;1 -5.33333333333333 17.3333333333333 -13]
L=
Something went wrong with this one.
3 class: 2159, 126

P=
[1 576 1134 448;1 68 -9 -60;1 0 -9 8;1 -36 63 -28]
Q=
[1 126 1778 254;1 14.875 0 -15.875;1 -1 -14.1111111111111 14.1111111111111;1 -16.875 31.75 -15.875]
L=
Something went wrong with this one.
3 class: 2160, 119

P=
[1 238 1071 850;1 58 -9 -50;1 -2 -9 10;1 -14 63 -50]
Q=
[1 119 1785 255;1 29 -15 -15;1 -1 -15 15;1 -7 21 -15]
L=
Something went wrong with this one.
3 class: 2160, 119

P=
[1 238 1071 850;1 58 -9 -50;1 -2 -9 10;1 -14 63 -50]
Q=
[1 119 1785 255;1 29 -15 -15;1 -1 -15 15;1 -7 21 -15]
L=
Something went wrong with this one.
3 class: 2160, 119

P=
[1 238 1071 850;1 58 -9 -50;1 -2 -9 10;1 -14 63 -50]
Q=
[1 119 1785 255;1 29 -15 -15;1 -1 -15 15;1 -7 21 -15]
L=
Something went wrong with this one.
3 class: 2176, 84

P=
[1 420 432 1323;1 80 24 -105;1 0 -8 7;1 -28 48 -21]
Q=
[1 84 1836 255;1 16 0 -17;1 4.66666666666667 -34 28.3333333333333;1 -6.66666666666667 9.71428571428571 -4.04761904761905]
L=
Something went wrong with this one.
3 class: 2176, 87

P=
[1 261 1392 522;1 69 -16 -54;1 1 -16 14;1 -11 32 -22]
Q=
[1 87 1392 696;1 23 5.33333333333333 -29.3333333333333;1 -1 -16 16;1 -9 37.3333333333333 -29.3333333333333]
L=
Something went wrong with this one.
3 class: 2176, 135

P=
[1 540 1215 420;1 64 -9 -56;1 0 -9 8;1 -36 63 -28]
Q=
[1 135 1785 255;1 16 0 -17;1 -1 -13.2222222222222 13.2222222222222;1 -18 34 -17]
L=
Something went wrong with this one.
3 class: 2184, 111

P=
[1 222 1665 296;1 54 -15 -40;1 2 -15 12;1 -12 27 -16]
Q=
[1 111 1332 740;1 27 12 -40;1 -1 -12 12;1 -15 54 -40]
L=
Something went wrong with this one.
3 class: 2184, 111

P=
[1 222 1665 296;1 54 -15 -40;1 2 -15 12;1 -12 27 -16]
Q=
[1 111 1332 740;1 27 12 -40;1 -1 -12 12;1 -15 54 -40]
L=
Something went wrong with this one.
3 class: 2185, 114

P=
[1 78 234 1872;1 32 27 -60;1 2 -13 10;1 -7 14 -8]
Q=
[1 114 1196 874;1 46.7692307692308 30.6666666666667 -78.4358974358974;1 13.1538461538462 -66.4444444444444 52.2905982905983;1 -3.65384615384615 6.38888888888889 -3.73504273504274]
L=
Something went wrong with this one.
3 class: 2197, 36

P=
[1 216 360 1620;1 99 35 -135;1 8 -30 21;1 -5 9 -5]
Q=
[1 36 540 1620;1 16.5 20 -37.5;1 3.5 -45 40.5;1 -3 7 -5]
L=
Something went wrong with this one.
3 class: 2197, 36

P=
[1 216 360 1620;1 99 35 -135;1 8 -30 21;1 -5 9 -5]
Q=
[1 36 540 1620;1 16.5 20 -37.5;1 3.5 -45 40.5;1 -3 7 -5]
L=
Something went wrong with this one.
3 class: 2197, 84

P=
[1 84 924 1188;1 32 66 -99;1 6 -25 18;1 -7 14 -8]
Q=
[1 84 924 1188;1 32 66 -99;1 6 -25 18;1 -7 14 -8]
L=
Something went wrong with this one.
3 class: 2197, 126

P=
[1 180 126 1890;1 50 9 -60;1 -2 -4 5;1 -15 35 -21]
Q=
[1 126 1890 180;1 35 -21 -15;1 9 -60 50;1 -4 5 -2]
L=
Something went wrong with this one.
3 class: 2197, 132

P=
[1 660 528 1008;1 75 8 -84;1 -3 -5 7;1 -55 99 -45]
Q=
[1 132 1980 84;1 15 -9 -7;1 2 -18.75 15.75;1 -11 13.75 -3.75]
L=
Something went wrong with this one.
3 class: 2197, 156

P=
[1 156 1560 480;1 39 0 -40;1 0 -13 12;1 -13 39 -27]
Q=
[1 156 1560 480;1 39 0 -40;1 0 -13 12;1 -13 39 -27]
L=
Something went wrong with this one.
3 class: 2205, 58

P=
[1 174 870 1160;1 69 30 -100;1 6 -33 26;1 -6 15 -10]
Q=
[1 58 725 1421;1 23 25 -49;1 2 -27.5 24.5;1 -5 16.25 -12.25]
L=
Something went wrong with this one.
3 class: 2205, 76

P=
[1 608 684 912;1 104 -9 -96;1 -1 -9 9;1 -22 54 -33]
Q=
[1 76 1824 304;1 13 -3 -11;1 -1 -24 24;1 -8 18 -11]
L=
Something went wrong with this one.
3 class: 2205, 76

P=
[1 608 684 912;1 104 -9 -96;1 -1 -9 9;1 -22 54 -33]
Q=
[1 76 1824 304;1 13 -3 -11;1 -1 -24 24;1 -8 18 -11]
L=
Something went wrong with this one.
3 class: 2205, 174

P=
[1 522 1044 638;1 60 -6 -55;1 -3 -6 8;1 -45 99 -55]
Q=
[1 174 1914 116;1 20 -11 -10;1 -1 -11 11;1 -15 24 -10]
L=
Something went wrong with this one.
3 class: 2220, 147

P=
[1 504 1323 392;1 60 -9 -52;1 0 -9 8;1 -36 63 -28]
Q=
[1 147 1813 259;1 17.5 0 -18.5;1 -1 -12.3333333333333 12.3333333333333;1 -19.5 37 -18.5]
L=
Something went wrong with this one.
3 class: 2226, 105

P=
[1 720 945 560;1 84 -9 -76;1 0 -9 8;1 -36 63 -28]
Q=
[1 105 1855 265;1 12.25 0 -13.25;1 -1 -17.6666666666667 17.6666666666667;1 -14.25 26.5 -13.25]
L=
Something went wrong with this one.
3 class: 2236, 90

P=
[1 660 1080 495;1 88 -12 -77;1 2 -12 9;1 -28 48 -21]
Q=
[1 90 1716 429;1 12 5.2 -18.2;1 -1 -19.0666666666667 19.0666666666667;1 -14 31.2 -18.2]
L=
Something went wrong with this one.
3 class: 2250, 273

P=
[1 117 728 1404;1 27 8 -36;1 -3 -7 9;1 -18 98 -81]
Q=
[1 273 1872 104;1 63 -48 -16;1 3 -18 14;1 -7 12 -6]
L=
Something went wrong with this one.
3 class: 2254, 45

P=
[1 480 1485 288;1 112 -33 -80;1 14 -33 18;1 -10 15 -6]
Q=
[1 45 690 1518;1 10.5 20.125 -31.625;1 -1 -15.3333333333333 15.3333333333333;1 -12.5 43.125 -31.625]
L=
Something went wrong with this one.
3 class: 2268, 96

P=
[1 720 819 728;1 90 0 -91;1 0 -9 8;1 -36 63 -28]
Q=
[1 96 1911 260;1 12 0 -13;1 0 -21 20;1 -12 21 -10]
L=
Something went wrong with this one.
3 class: 2300, 24

P=
[1 66 693 1540;1 41 168 -210;1 18 -39 20;1 -3 3 -1]
Q=
[1 24 275 2000;1 14.9090909090909 75 -90.9090909090909;1 5.81818181818182 -15.4761904761905 8.65800865800866;1 -3.27272727272727 3.57142857142857 -1.2987012987013]
L=
Something went wrong with this one.
3 class: 2300, 99

P=
[1 792 891 616;1 92 -9 -84;1 0 -9 8;1 -36 63 -28]
Q=
[1 99 1925 275;1 11.5 0 -12.5;1 -1 -19.4444444444444 19.4444444444444;1 -13.5 25 -12.5]
L=
Something went wrong with this one.
3 class: 2300, 114

P=
[1 285 1824 190;1 55 -16 -40;1 5 -16 10;1 -15 24 -10]
Q=
[1 114 1311 874;1 22 23 -46;1 -1 -11.5 11.5;1 -24 69 -46]
L=
Something went wrong with this one.
3 class: 2300, 114

P=
[1 285 1824 190;1 55 -16 -40;1 5 -16 10;1 -15 24 -10]
Q=
[1 114 1311 874;1 22 23 -46;1 -1 -11.5 11.5;1 -24 69 -46]
L=
Something went wrong with this one.
3 class: 2304, 47

P=
[1 282 1551 470;1 102 -33 -70;1 6 -33 26;1 -6 15 -10]
Q=
[1 47 705 1551;1 17 15 -33;1 -1 -15 15;1 -7 39 -33]
L=
Something went wrong with this one.
3 class: 2304, 47

P=
[1 282 1551 470;1 102 -33 -70;1 6 -33 26;1 -6 15 -10]
Q=
[1 47 705 1551;1 17 15 -33;1 -1 -15 15;1 -7 39 -33]
L=
Something went wrong with this one.
3 class: 2304, 98

P=
[1 245 1568 490;1 65 -16 -50;1 1 -16 14;1 -11 32 -22]
Q=
[1 98 1470 735;1 26 6 -33;1 -1 -15 15;1 -10 42 -33]
L=
Something went wrong with this one.
3 class: 2304, 98

P=
[1 245 1568 490;1 65 -16 -50;1 1 -16 14;1 -11 32 -22]
Q=
[1 98 1470 735;1 26 6 -33;1 -1 -15 15;1 -10 42 -33]
L=
Something went wrong with this one.
3 class: 2304, 147

P=
[1 147 1715 441;1 27 35 -63;1 3 -13 9;1 -21 35 -15]
Q=
[1 147 1715 441;1 27 35 -63;1 3 -13 9;1 -21 35 -15]
L=
Something went wrong with this one.
3 class: 2324, 69

P=
[1 483 1518 322;1 91 -22 -70;1 8 -22 13;1 -15 24 -10]
Q=
[1 69 1176 1078;1 13 19.4782608695652 -33.4782608695652;1 -1 -17.0434782608696 17.0434782608696;1 -15 47.4782608695652 -33.4782608695652]
L=
Something went wrong with this one.
3 class: 2349, 260

P=
[1 208 1820 320;1 34 -7 -28;1 -2 -7 8;1 -26 65 -40]
Q=
[1 260 1885 203;1 42.5 -18.125 -25.375;1 -1 -7.25 7.25;1 -22.75 47.125 -25.375]
L=
Something went wrong with this one.
3 class: 2350, 174

P=
[1 348 1740 261;1 48 -10 -39;1 1 -10 8;1 -28 48 -21]
Q=
[1 174 1800 375;1 24 5.17241379310345 -30.1724137931034;1 -1 -10.3448275862069 10.3448275862069;1 -26 55.1724137931034 -30.1724137931034]
L=
Something went wrong with this one.
3 class: 2376, 76

P=
[1 912 950 513;1 120 -40 -81;1 0 -10 9;1 -24 50 -27]
Q=
[1 76 1881 418;1 10 0 -11;1 -3.2 -19.8 22;1 -12 33 -22]
L=
Something went wrong with this one.
3 class: 2376, 95

P=
[1 190 855 1330;1 64 -9 -56;1 -2 -9 10;1 -8 63 -56]
Q=
[1 95 1995 285;1 32 -21 -12;1 -1 -21 21;1 -4 15 -12]
L=
Something went wrong with this one.
3 class: 2376, 95

P=
[1 190 855 1330;1 64 -9 -56;1 -2 -9 10;1 -8 63 -56]
Q=
[1 95 1995 285;1 32 -21 -12;1 -1 -21 21;1 -4 15 -12]
L=
Something went wrong with this one.
3 class: 2376, 125

P=
[1 500 1500 375;1 68 -12 -57;1 2 -12 9;1 -28 48 -21]
Q=
[1 125 1800 450;1 17 7.2 -25.2;1 -1 -14.4 14.4;1 -19 43.2 -25.2]
L=
Something went wrong with this one.
3 class: 2376, 175

P=
[1 450 1575 350;1 54 -9 -46;1 0 -9 8;1 -36 63 -28]
Q=
[1 175 1925 275;1 21 0 -22;1 -1 -11 11;1 -23 44 -22]
L=
Something went wrong with this one.
3 class: 2380, 195

P=
[1 624 975 780;1 64 -5 -60;1 -4 -5 8;1 -56 125 -70]
Q=
[1 195 2100 84;1 20 -13.4615384615385 -7.53846153846154;1 -1 -10.7692307692308 10.7692307692308;1 -15 21.5384615384615 -7.53846153846154]
L=
Something went wrong with this one.
3 class: 2401, 48

P=
[1 240 1392 768;1 100 -29 -72;1 2 -29 26;1 -5 20 -16]
Q=
[1 48 960 1392;1 20 8 -29;1 -1 -20 20;1 -4.5 32.5 -29]
L=
Something went wrong with this one.
3 class: 2401, 88

P=
[1 728 616 1056;1 91 28 -120;1 0 -7 6;1 -56 77 -22]
Q=
[1 88 2156 156;1 11 0 -12;1 4 -24.5 19.5;1 -10 12.25 -3.25]
L=
Something went wrong with this one.
3 class: 2401, 90

P=
[1 240 810 1350;1 44 75 -120;1 2 -9 6;1 -40 54 -15]
Q=
[1 90 2100 210;1 16.5 17.5 -35;1 8.33333333333333 -23.3333333333333 14;1 -8 9.33333333333333 -2.33333333333333]
L=
Something went wrong with this one.
3 class: 2401, 100

P=
[1 100 1000 1300;1 44 20 -65;1 2 -29 26;1 -5 20 -16]
Q=
[1 100 1000 1300;1 44 20 -65;1 2 -29 26;1 -5 20 -16]
L=
Something went wrong with this one.
3 class: 2401, 150

P=
[1 150 1700 550;1 31 34 -66;1 3 -15 11;1 -18 34 -17]
Q=
[1 150 1700 550;1 31 34 -66;1 3 -15 11;1 -18 34 -17]
L=
Something went wrong with this one.
3 class: 2415, 68

P=
[1 578 680 1156;1 118 -10 -109;1 -1 -10 10;1 -17 50 -34]
Q=
[1 68 1955 391;1 13.8823529411765 -3.38235294117647 -11.5;1 -1 -28.75 28.75;1 -6.41176470588235 16.9117647058824 -11.5]
L=
Something went wrong with this one.
3 class: 2415, 68

P=
[1 578 680 1156;1 118 -10 -109;1 -1 -10 10;1 -17 50 -34]
Q=
[1 68 1955 391;1 13.8823529411765 -3.38235294117647 -11.5;1 -1 -28.75 28.75;1 -6.41176470588235 16.9117647058824 -11.5]
L=
Something went wrong with this one.
3 class: 2416, 150

P=
[1 350 945 1120;1 48 39 -88;1 0 -9 8;1 -50 81 -32]
Q=
[1 150 2114 151;1 20.5714285714286 0 -21.5714285714286;1 6.19047619047619 -20.1333333333333 12.9428571428571;1 -11.7857142857143 15.1 -4.31428571428571]
L=
Something went wrong with this one.
3 class: 2420, 164

P=
[1 164 1804 451;1 43 -11 -33;1 -1 -11 11;1 -12 44 -33]
Q=
[1 164 1804 451;1 43 -11 -33;1 -1 -11 11;1 -12 44 -33]
L=
Something went wrong with this one.
3 class: 2420, 164

P=
[1 164 1804 451;1 43 -11 -33;1 -1 -11 11;1 -12 44 -33]
Q=
[1 164 1804 451;1 43 -11 -33;1 -1 -11 11;1 -12 44 -33]
L=
Something went wrong with this one.
3 class: 2432, 143

P=
[1 715 1144 572;1 75 -8 -68;1 -1 -8 8;1 -45 80 -36]
Q=
[1 143 2080 208;1 15 -2.90909090909091 -13.0909090909091;1 -1 -14.5454545454545 14.5454545454545;1 -17 29.0909090909091 -13.0909090909091]
L=
Something went wrong with this one.
3 class: 2436, 174

P=
[1 60 855 1520;1 18 57 -76;1 2 -15 12;1 -12 27 -16]
Q=
[1 174 1710 551;1 52.2 57 -110.2;1 11.6 -30 17.4;1 -8.7 13.5 -5.8]
L=
Something went wrong with this one.
3 class: 2470, 189

P=
[1 432 1701 336;1 52 -9 -44;1 0 -9 8;1 -36 63 -28]
Q=
[1 189 1995 285;1 22.75 0 -23.75;1 -1 -10.5555555555556 10.5555555555556;1 -24.75 47.5 -23.75]
L=
Something went wrong with this one.
3 class: 2484, 91

P=
[1 364 819 1300;1 88 -9 -80;1 -2 -9 10;1 -14 63 -50]
Q=
[1 91 2093 299;1 22 -11.5 -11.5;1 -1 -23 23;1 -5.6 16.1 -11.5]
L=
Something went wrong with this one.
3 class: 2484, 91

P=
[1 364 819 1300;1 88 -9 -80;1 -2 -9 10;1 -14 63 -50]
Q=
[1 91 2093 299;1 22 -11.5 -11.5;1 -1 -23 23;1 -5.6 16.1 -11.5]
L=
Something went wrong with this one.
3 class: 2484, 161

P=
[1 273 546 1664;1 57 6 -64;1 -3 -6 8;1 -21 84 -64]
Q=
[1 161 2184 138;1 33.6153846153846 -24 -10.6153846153846;1 1.76923076923077 -24 21.2307692307692;1 -6.19230769230769 10.5 -5.30769230769231]
L=
Something went wrong with this one.
3 class: 2500, 49

P=
[1 392 1764 343;1 112 -36 -77;1 12 -36 23;1 -8 14 -7]
Q=
[1 49 686 1764;1 14 21 -36;1 -1 -14 14;1 -11 46 -36]
L=
Something went wrong with this one.
3 class: 2500, 49

P=
[1 392 1764 343;1 112 -36 -77;1 12 -36 23;1 -8 14 -7]
Q=
[1 49 686 1764;1 14 21 -36;1 -1 -14 14;1 -11 46 -36]
L=
Something went wrong with this one.
3 class: 2500, 51

P=
[1 612 1275 612;1 132 -25 -108;1 7 -25 17;1 -13 25 -13]
Q=
[1 51 1224 1224;1 11 14 -26;1 -1 -24 24;1 -9 34 -26]
L=
Something went wrong with this one.
3 class: 2500, 51

P=
[1 612 1275 612;1 132 -25 -108;1 7 -25 17;1 -13 25 -13]
Q=
[1 51 1224 1224;1 11 14 -26;1 -1 -24 24;1 -9 34 -26]
L=
Something went wrong with this one.
3 class: 2500, 63

P=
[1 504 735 1260;1 104 35 -140;1 4 -15 10;1 -21 35 -15]
Q=
[1 63 1764 672;1 13 14 -28;1 3 -36 32;1 -7 14 -8]
L=
Something went wrong with this one.
3 class: 2500, 75

P=
[1 255 1224 1020;1 75 24 -100;1 5 -26 20;1 -10 24 -15]
Q=
[1 75 1224 1200;1 22.0588235294118 24 -47.0588235294118;1 1.47058823529412 -26 23.5294117647059;1 -7.35294117647059 24 -17.6470588235294]
L=
Something went wrong with this one.
3 class: 2500, 85

P=
[1 952 1088 459;1 112 -32 -81;1 2 -12 9;1 -28 48 -21]
Q=
[1 85 1904 510;1 10 4 -15;1 -2.5 -21 22.5;1 -15 37.3333333333333 -23.3333333333333]
L=
Something went wrong with this one.
3 class: 2500, 153

P=
[1 153 1734 612;1 33 34 -68;1 3 -16 12;1 -17 34 -18]
Q=
[1 153 1734 612;1 33 34 -68;1 3 -16 12;1 -17 34 -18]
L=
Something went wrong with this one.
3 class: 2520, 55

P=
[1 440 1815 264;1 104 -33 -72;1 14 -33 18;1 -10 15 -6]
Q=
[1 55 770 1694;1 13 24.5 -38.5;1 -1 -14 14;1 -15 52.5 -38.5]
L=
Something went wrong with this one.
3 class: 2520, 99

P=
[1 594 693 1232;1 90 21 -112;1 0 -9 8;1 -36 63 -28]
Q=
[1 99 2156 264;1 15 0 -16;1 3 -28 24;1 -9 14 -6]
L=
Something went wrong with this one.
3 class: 2520, 110

Something went wrong with this one.
3 class: 2530, 54

P=
[1 450 1404 675;1 120 -26 -95;1 5 -26 20;1 -10 24 -15]
Q=
[1 54 1188 1287;1 14.4 13.2 -28.6;1 -1 -22 22;1 -7.6 35.2 -28.6]
L=
Something went wrong with this one.
3 class: 2530, 54

P=
[1 450 1404 675;1 120 -26 -95;1 5 -26 20;1 -10 24 -15]
Q=
[1 54 1188 1287;1 14.4 13.2 -28.6;1 -1 -22 22;1 -7.6 35.2 -28.6]
L=
Something went wrong with this one.
3 class: 2541, 120

P=
[1 440 1440 660;1 77 -12 -66;1 0 -12 11;1 -22 54 -33]
Q=
[1 120 1980 440;1 21 0 -22;1 -1 -16.5 16.5;1 -12 33 -22]
L=
Something went wrong with this one.
3 class: 2541, 120

P=
[1 440 1440 660;1 77 -12 -66;1 0 -12 11;1 -22 54 -33]
Q=
[1 120 1980 440;1 21 0 -22;1 -1 -16.5 16.5;1 -12 33 -22]
L=
Something went wrong with this one.
3 class: 2548, 90

P=
[1 1215 360 972;1 123 -4 -120;1 -3 -4 6;1 -45 80 -36]
Q=
[1 90 2340 117;1 9.11111111111111 -5.77777777777778 -4.33333333333333;1 -1 -26 26;1 -11.1111111111111 14.4444444444444 -4.33333333333333]
L=
Something went wrong with this one.
3 class: 2556, 70

P=
[1 770 630 1155;1 131 -9 -123;1 -1 -9 9;1 -22 54 -33]
Q=
[1 70 2130 355;1 11.9090909090909 -2.76623376623377 -10.1428571428571;1 -1 -30.4285714285714 30.4285714285714;1 -7.45454545454545 16.5974025974026 -10.1428571428571]
L=
Something went wrong with this one.
3 class: 2556, 70

P=
[1 770 630 1155;1 131 -9 -123;1 -1 -9 9;1 -22 54 -33]
Q=
[1 70 2130 355;1 11.9090909090909 -2.76623376623377 -10.1428571428571;1 -1 -30.4285714285714 30.4285714285714;1 -7.45454545454545 16.5974025974026 -10.1428571428571]
L=
Something went wrong with this one.
3 class: 2600, 25

P=
[1 69 759 1771;1 43 187 -231;1 19 -41 21;1 -3 3 -1]
Q=
[1 25 299 2275;1 15.5797101449275 82.3333333333333 -98.9130434782609;1 6.15942028985507 -16.1515151515152 8.99209486166008;1 -3.26086956521739 3.54545454545455 -1.28458498023715]
L=
Something went wrong with this one.
3 class: 2600, 69

P=
[1 1012 828 759;1 132 -12 -121;1 2 -12 9;1 -28 48 -21]
Q=
[1 69 2024 506;1 9 4 -14;1 -1 -29.3333333333333 29.3333333333333;1 -11 24 -14]
L=
Something went wrong with this one.
3 class: 2600, 207

P=
[1 414 1863 322;1 50 -9 -42;1 0 -9 8;1 -36 63 -28]
Q=
[1 207 2093 299;1 25 0 -26;1 -1 -10.1111111111111 10.1111111111111;1 -27 52 -26]
L=
Something went wrong with this one.
3 class: 2625, 64

P=
[1 320 1024 1280;1 95 24 -120;1 5 -26 20;1 -10 24 -15]
Q=
[1 64 1280 1280;1 19 20 -40;1 1.5 -32.5 30;1 -6 20 -15]
L=
Something went wrong with this one.
3 class: 2625, 64

P=
[1 320 1024 1280;1 95 24 -120;1 5 -26 20;1 -10 24 -15]
Q=
[1 64 1280 1280;1 19 20 -40;1 1.5 -32.5 30;1 -6 20 -15]
L=
Something went wrong with this one.
3 class: 2625, 128

P=
[1 128 832 1664;1 38 52 -91;1 3 -18 14;1 -12 27 -16]
Q=
[1 128 1664 832;1 38 39 -78;1 8 -36 27;1 -7 14 -8]
L=
Something went wrong with this one.
3 class: 2625, 128

P=
[1 128 832 1664;1 38 52 -91;1 3 -18 14;1 -12 27 -16]
Q=
[1 128 1664 832;1 38 39 -78;1 8 -36 27;1 -7 14 -8]
L=
Something went wrong with this one.
3 class: 2625, 160

P=
[1 480 1280 864;1 60 20 -81;1 0 -10 9;1 -45 80 -36]
Q=
[1 160 2240 224;1 20 0 -21;1 2.5 -17.5 14;1 -15 23.3333333333333 -9.33333333333333]
L=
Something went wrong with this one.
3 class: 2625, 164

P=
[1 492 1148 984;1 72 -7 -66;1 -3 -7 9;1 -33 98 -66]
Q=
[1 164 2296 164;1 24 -14 -11;1 -1 -14 14;1 -11 21 -11]
L=
Something went wrong with this one.
3 class: 2640, 63

P=
[1 315 1344 980;1 75 64 -140;1 9 -24 14;1 -15 24 -10]
Q=
[1 63 1400 1176;1 15 40 -56;1 3 -25 21;1 -9 20 -12]
L=
Something went wrong with this one.
3 class: 2640, 87

P=
[1 638 1044 957;1 110 -12 -99;1 0 -12 11;1 -22 54 -33]
Q=
[1 87 2088 464;1 15 0 -16;1 -1 -24 24;1 -9 24 -16]
L=
Something went wrong with this one.
3 class: 2640, 87

P=
[1 638 1044 957;1 110 -12 -99;1 0 -12 11;1 -22 54 -33]
Q=
[1 87 2088 464;1 15 0 -16;1 -1 -24 24;1 -9 24 -16]
L=
Something went wrong with this one.
3 class: 2640, 104

P=
[1 117 1872 650;1 27 72 -100;1 5 -16 10;1 -15 24 -10]
Q=
[1 104 1755 780;1 24 75 -100;1 4 -15 10;1 -16 27 -12]
L=
Something went wrong with this one.
3 class: 2640, 203

P=
[1 203 2030 406;1 43 -10 -34;1 -1 -10 10;1 -17 50 -34]
Q=
[1 203 2030 406;1 43 -10 -34;1 -1 -10 10;1 -17 50 -34]
L=
Something went wrong with this one.
3 class: 2646, 230

P=
[1 230 2070 345;1 41 -9 -33;1 -1 -9 9;1 -22 54 -33]
Q=
[1 230 2070 345;1 41 -9 -33;1 -1 -9 9;1 -22 54 -33]
L=
Something went wrong with this one.
3 class: 2646, 230

P=
[1 230 2070 345;1 41 -9 -33;1 -1 -9 9;1 -22 54 -33]
Q=
[1 230 2070 345;1 41 -9 -33;1 -1 -9 9;1 -22 54 -33]
L=
Something went wrong with this one.
3 class: 2646, 230

P=
[1 230 2070 345;1 41 -9 -33;1 -1 -9 9;1 -22 54 -33]
Q=
[1 230 2070 345;1 41 -9 -33;1 -1 -9 9;1 -22 54 -33]
L=
Something went wrong with this one.
3 class: 2652, 220

P=
[1 495 1760 396;1 53 -8 -46;1 -1 -8 8;1 -45 80 -36]
Q=
[1 220 2210 221;1 23.5555555555556 -4.46464646464646 -20.0909090909091;1 -1 -10.0454545454545 10.0454545454545;1 -25.5555555555556 44.6464646464646 -20.0909090909091]
L=
Something went wrong with this one.
3 class: 2669, 156

P=
[1 208 2028 432;1 51 -13 -39;1 0 -13 12;1 -13 39 -27]
Q=
[1 156 1884 628;1 38.25 0 -39.25;1 -1 -12.0769230769231 12.0769230769231;1 -14.0833333333333 52.3333333333333 -39.25]
L=
Something went wrong with this one.
3 class: 2673, 80

P=
[1 480 1520 672;1 102 -19 -84;1 3 -19 15;1 -15 35 -21]
Q=
[1 80 1680 912;1 17 10.5 -28.5;1 -1 -21 21;1 -10 37.5 -28.5]
L=
Something went wrong with this one.
3 class: 2673, 80

P=
[1 480 1520 672;1 102 -19 -84;1 3 -19 15;1 -15 35 -21]
Q=
[1 80 1680 912;1 17 10.5 -28.5;1 -1 -21 21;1 -10 37.5 -28.5]
L=
Something went wrong with this one.
3 class: 2673, 80

P=
[1 480 1520 672;1 102 -19 -84;1 3 -19 15;1 -15 35 -21]
Q=
[1 80 1680 912;1 17 10.5 -28.5;1 -1 -21 21;1 -10 37.5 -28.5]
L=
Something went wrong with this one.
3 class: 2704, 51

P=
[1 510 1887 306;1 120 -37 -84;1 16 -37 20;1 -10 15 -6]
Q=
[1 51 765 1887;1 12 24 -37;1 -1 -15 15;1 -14 50 -37]
L=
Something went wrong with this one.
3 class: 2704, 51

P=
[1 510 1887 306;1 120 -37 -84;1 16 -37 20;1 -10 15 -6]
Q=
[1 51 765 1887;1 12 24 -37;1 -1 -15 15;1 -14 50 -37]
L=
Something went wrong with this one.
3 class: 2730, 77

P=
[1 297 704 1728;1 63 80 -144;1 3 -10 6;1 -33 44 -12]
Q=
[1 77 2288 364;1 16.3333333333333 23.1111111111111 -40.4444444444444;1 8.75 -32.5 22.75;1 -6.41666666666667 7.94444444444444 -2.52777777777778]
L=
Something went wrong with this one.
3 class: 2736, 135

P=
[1 200 960 1575;1 40 64 -105;1 2 -12 9;1 -28 48 -21]
Q=
[1 135 2240 360;1 27 22.4 -50.4;1 9 -28 18;1 -9 12.8 -4.8]
L=
Something went wrong with this one.
3 class: 2738, 184

P=
[1 552 1288 897;1 71 -7 -65;1 -3 -7 9;1 -40 104 -65]
Q=
[1 184 2392 161;1 23.6666666666667 -13 -11.6666666666667;1 -1 -13 13;1 -13.3333333333333 24 -11.6666666666667]
L=
Something went wrong with this one.
3 class: 2738, 221

P=
[1 884 1105 748;1 70 -5 -66;1 -4 -5 8;1 -78 143 -66]
Q=
[1 221 2431 85;1 17.5 -11 -7.5;1 -1 -11 11;1 -19.5 26 -7.5]
L=
Something went wrong with this one.
3 class: 2744, 39

P=
[1 39 507 2197;1 25 143 -169;1 11 -25 13;1 -3 3 -1]
Q=
[1 39 507 2197;1 25 143 -169;1 11 -25 13;1 -3 3 -1]
L=
Something went wrong with this one.
3 class: 2744, 91

P=
[1 91 1092 1560;1 35 84 -120;1 7 -28 20;1 -7 14 -8]
Q=
[1 91 1092 1560;1 35 84 -120;1 7 -28 20;1 -7 14 -8]
L=
Something went wrong with this one.
3 class: 2744, 104

Something went wrong with this one.
3 class: 2744, 169

P=
[1 169 1859 715;1 43 11 -55;1 1 -17 15;1 -13 39 -27]
Q=
[1 169 1859 715;1 43 11 -55;1 1 -17 15;1 -13 39 -27]
L=
Something went wrong with this one.
3 class: 2752, 63

P=
[1 420 2079 252;1 100 -33 -68;1 14 -33 18;1 -10 15 -6]
Q=
[1 63 840 1848;1 15 28 -44;1 -1 -13.3333333333333 13.3333333333333;1 -17 60 -44]
L=
Something went wrong with this one.
3 class: 2759, 88

P=
[1 360 1408 990;1 93 -16 -78;1 0 -16 15;1 -12 44 -33]
Q=
[1 88 1958 712;1 22.7333333333333 0 -23.7333333333333;1 -1 -22.25 22.25;1 -6.93333333333333 29.6666666666667 -23.7333333333333]
L=
Something went wrong with this one.
3 class: 2775, 74

P=
[1 380 1824 570;1 80 24 -105;1 10 -26 15;1 -15 24 -10]
Q=
[1 74 1368 1332;1 15.5789473684211 36 -52.5789473684211;1 0.973684210526316 -19.5 17.5263157894737;1 -13.6315789473684 36 -23.3684210526316]
L=
Something went wrong with this one.
3 class: 2781, 80

P=
[1 400 1280 1100;1 103 -16 -88;1 0 -16 15;1 -12 44 -33]
Q=
[1 80 1980 720;1 20.6 0 -21.6;1 -1 -24.75 24.75;1 -6.4 27 -21.6]
L=
Something went wrong with this one.
3 class: 2784, 231

P=
[1 396 2079 308;1 48 -9 -40;1 0 -9 8;1 -36 63 -28]
Q=
[1 231 2233 319;1 28 0 -29;1 -1 -9.66666666666667 9.66666666666667;1 -30 58 -29]
L=
Something went wrong with this one.
3 class: 2800, 144

Something went wrong with this one.
3 class: 2800, 279

P=
[1 279 2232 288;1 39 -8 -32;1 -1 -8 8;1 -31 62 -32]
Q=
[1 279 2232 288;1 39 -8 -32;1 -1 -8 8;1 -31 62 -32]
L=
Something went wrong with this one.
